,Precentral_L,Precentral_R,Frontal_Sup_L,Frontal_Sup_R,Frontal_Sup_Orb_L,Frontal_Sup_Orb_R,Frontal_Mid_L,Frontal_Mid_R,Frontal_Mid_Orb_L,Frontal_Mid_Orb_R,Frontal_Inf_Oper_L,Frontal_Inf_Oper_R,Frontal_Inf_Tri_L,Frontal_Inf_Tri_R,Frontal_Inf_Orb_L,Frontal_Inf_Orb_R,Rolandic_Oper_L,Rolandic_Oper_R,Supp_Motor_Area_L,Supp_Motor_Area_R,Olfactory_L,Olfactory_R,Frontal_Sup_Medial_L,Frontal_Sup_Medial_R,Frontal_Med_Orb_L,Frontal_Med_Orb_R,Rectus_L,Rectus_R,Insula_L,Insula_R,Cingulum_Ant_L,Cingulum_Ant_R,Cingulum_Mid_L,Cingulum_Mid_R,Cingulum_Post_L,Cingulum_Post_R,Hippocampus_L,Hippocampus_R,ParaHippocampal_L,ParaHippocampal_R,Amygdala_L,Amygdala_R,Calcarine_L,Calcarine_R,Cuneus_L,Cuneus_R,Lingual_L,Lingual_R,Occipital_Sup_L,Occipital_Sup_R,Occipital_Mid_L,Occipital_Mid_R,Occipital_Inf_L,Occipital_Inf_R,Fusiform_L,Fusiform_R,Postcentral_L,Postcentral_R,Parietal_Sup_L,Parietal_Sup_R,Parietal_Inf_L,Parietal_Inf_R,SupraMarginal_L,SupraMarginal_R,Angular_L,Angular_R,Precuneus_L,Precuneus_R,Paracentral_Lobule_L,Paracentral_Lobule_R,Caudate_L,Caudate_R,Putamen_L,Putamen_R,Pallidum_L,Pallidum_R,Thalamus_L,Thalamus_R,Heschl_L,Heschl_R,Temporal_Sup_L,Temporal_Sup_R,Temporal_Pole_Sup_L,Temporal_Pole_Sup_R,Temporal_Mid_L,Temporal_Mid_R,Temporal_Pole_Mid_L,Temporal_Pole_Mid_R,Temporal_Inf_L,Temporal_Inf_R,Cerebelum_Crus1_L,Cerebelum_Crus1_R,Cerebelum_Crus2_L,Cerebelum_Crus2_R,Cerebelum_3_L,Cerebelum_3_R,Cerebelum_4_5_L,Cerebelum_4_5_R,Cerebelum_6_L,Cerebelum_6_R,Cerebelum_7b_L,Cerebelum_7b_R,Cerebelum_8_L,Cerebelum_8_R,Cerebelum_9_L,Cerebelum_9_R,Cerebelum_10_L,Cerebelum_10_R,Vermis_1_2,Vermis_3,Vermis_4_5,Vermis_6,Vermis_7,Vermis_8,Vermis_9,Vermis_10
Precentral_L,0.0,0.6766650209709801,0.5291478958761948,0.5230097789324987,-0.08557064941471486,-0.01704528444028494,0.43856126186505706,0.3990672023488323,-0.09900947896476063,-0.06277008544497921,0.15110645843532158,0.27445040299601886,0.21806630183849474,-0.021407133350791772,-0.051244229063894406,-0.13735918034979475,-0.0267923630527963,0.04254349281435744,0.6857877006164794,0.40544053367087146,-0.1510059912056686,-0.08744563050723858,0.2622825877737333,0.2252835200584934,-0.16205033293615534,-0.11054572116021551,-0.19479880425271942,-0.05095107859403189,-0.11524847150137503,-0.20337302522143574,0.03200205533218405,0.028156568382528363,0.38102930319416,0.25228805709223995,0.039624760669640276,-0.07954260319552915,-0.22034090636450204,-0.24697723257342458,-0.11407316377020815,-0.12545534782210307,-0.1271984186668245,-0.1449067109726626,-0.011530502041608125,-0.021620957107263906,0.2023381827808204,0.21652420536312852,0.0554020995559771,-0.04288355712771299,0.21188631855579979,0.2483204088529819,0.06811187298663522,0.04248085150651821,-0.06930874625608925,-0.10174628578503964,-0.10837794403916434,-0.12596211446806704,0.7799430184935123,0.7200782527901083,0.5201890753575193,0.5162437975582935,0.4715771682044307,0.37393098662222873,0.3022249633772682,0.32725769856989206,0.10057180375918572,0.0828338248806181,0.24769668582976453,0.22688367755595137,0.5678915201112367,0.5015445293305039,-0.1700863511829,-0.1705658450367889,-0.08951776192775239,-0.0707239133959463,-0.017791624634934663,-0.003399950835621589,0.027923261300010566,0.04962080536834115,-0.09338864257932271,-0.09945738835521761,-0.02134762363620566,-0.08538655809720204,-0.14973979627541176,-0.04054876521997073,-0.12228382049480882,-0.15063204230130564,-0.19339938019401312,-0.11720277156670451,-0.12979248448677647,-0.09305769435034675,-0.11583432008856753,-0.1729802767108225,-0.1549928815393489,-0.13572081415553522,-0.06272832584852764,-0.15829529614114696,-0.15436465168442595,-0.10617250323418984,-0.019068723891675982,-0.06554030719109251,-0.05314448474418172,-0.09531967375403722,0.03380919051196437,-0.061316230439046146,-0.18936759615908028,-0.13530784707668098,-0.06206649523809,0.0883950880633511,-0.17178230515023693,-0.18898189256738102,-0.2317875010021104,-0.1954999552424107,-0.16169390473594883,-0.09318347337398784,-0.13086512403053177,-0.1995186193909382
Precentral_R,0.6766650209709801,0.0,0.3921921326816984,0.42729935997731183,0.07315260521938025,0.09795790802836621,0.4219268554346796,0.4012886882009962,0.06945689577072761,0.17744079719506203,0.056411942874552014,0.2506163728487142,0.036790020039772345,2.7653154418123573e-05,0.12042880123565919,0.06920667359468381,-0.10559095415583128,-0.07074130833590347,0.4984371691862716,0.18823764805135193,0.06772165539323415,0.030207695473769357,0.11786939812759686,-0.024982168368668584,0.021476937802860002,0.061540787385883734,0.02306779826848784,0.12895091009394574,-0.14029656059495546,-0.12638046252564045,-0.018554337400442357,0.07593547065349032,0.18959108226905036,0.15231796907468884,0.04508017861536099,-0.10444177487336616,-0.1429473869687888,-0.29028549567953726,0.09996404757101267,0.00887425078888976,-0.04213929753887423,-0.022176491123350264,0.13932933034169215,0.14293420858032757,0.1524300285624538,0.2194677413100612,0.19277353150286383,0.03332384284609453,0.18207275562847022,0.24995891373368953,0.22999261864459833,0.15153103211717975,0.08220723254741605,0.035975773178614064,0.0005662266296179992,-0.048798558811838394,0.620273442227411,0.720696733353709,0.3794478716271073,0.6120979400972215,0.2692462356285462,0.3533071527746207,0.04432043015190802,0.19415843386452075,0.06195742640415266,0.035689874129910364,0.15152247867648802,0.0445752455484964,0.39296297107975914,0.6675051126412316,-0.027485341827889684,-0.085512244239308,-0.11259783936557607,-0.036786265299224505,-0.08044705891797536,-0.09567829499983577,0.15147219508809964,0.15152297387795652,0.025826457227481465,0.03775520079419919,0.15747376452036366,-0.0449538116984628,0.049343379019139766,0.09595704539672072,0.03077351203373753,0.00018923232559130767,-0.12978929476977152,0.013724036766001785,-0.038280032424832106,-0.04704955622186234,-0.13340706531673716,-0.23954117631038746,-0.16617107692428884,-0.17201704022397493,0.11287723590555578,-0.06205077337969742,-0.037362162858180656,0.029355712779703325,0.032825291171888725,-0.051188159267752976,0.01334489802612634,-0.09854111039972693,0.17672077157976493,-0.0002572182918410183,-0.14114181906172635,-0.012633313086640424,-0.05342707412114836,0.17695566638907076,-0.2345592851152444,0.04492497314024027,-0.05335502393518603,-0.2807657655942509,-0.09508877890383007,-0.0017447301721251695,-0.08495373779635862,-0.06863955969066843
Frontal_Sup_L,0.5291478958761948,0.3921921326816984,0.0,0.6945164300039276,0.1515305075332638,0.07683634652004273,0.6627864746087663,0.5718330606731155,0.15230995935817,0.09265782903552716,0.32377210000143225,0.30124469249257163,0.40741852200494527,0.20143809227380216,0.16886325711007644,0.054845835937855324,-0.12805432736740005,-0.11915213956982848,0.5968811516988033,0.3821458180753938,-0.022295418375192763,0.13213301807904243,0.6330620308102485,0.5630195051120105,0.062444098868199134,0.17692912535745425,0.047751243758327185,0.14443163894525565,-0.12385718266093305,-0.33211833361312443,0.2993123515809622,0.4962478608556266,0.34223047424982495,0.2431449804804547,0.22259822291999262,0.12772356212788083,-0.025345529307780456,-0.17447068083385497,-0.06202481187537683,0.035854292932186144,0.032508887534770964,-0.11219001632143022,0.11586448147805184,0.03962673091603044,0.13961878370588302,0.10063147697276588,0.0239616232085782,-0.06674423845441686,0.10527428381542109,0.07399322408509931,0.08080429880204909,0.08219561722371879,0.06795623987960013,0.10193029602434557,0.04575506981483526,0.019963044482144962,0.3585887745122709,0.29453693503122147,0.05628425769851544,0.07596926065015909,0.13358409221085524,0.11833501692405012,0.12462915027332974,-0.08646229749888629,0.2993272190446115,0.2813113326709592,0.37971237911576045,0.07214600264950252,0.4360172132179248,0.25353735378595604,0.020599056069810075,0.11382412760455876,0.030320108324309654,-0.0642607260835783,-0.0652528325208375,-0.16877140949193314,0.06105611460781337,0.07066683529185715,-0.03150327330159044,-0.04791079194338719,0.1077256198862761,-0.019985675152762027,-0.12394925410602324,-0.10295444595094203,0.24893744018247863,0.12188032532394828,0.011289646909098438,0.03795127940514519,0.09172582680731672,0.10304355815434847,0.050438865654544994,0.06515064806013626,0.07437621060105185,0.10277157239554349,-0.04576670374287249,-0.11807445153849092,-0.1641217858719466,-0.173109586797452,-0.16946542938776965,-0.07636746895327555,0.06679505395970016,0.11041143823380618,-0.06149957366877555,0.10815706104791455,0.013384514957497094,0.09421478335056739,-0.1694927062237716,-0.09330105315890667,-0.003783573570156354,-0.21022525174146686,-0.16179092608743048,-0.16068349674699764,-0.006334402151018299,0.02303014098439371,0.008150195642515255,-0.22317880962248976
Frontal_Sup_R,0.5230097789324987,0.42729935997731183,0.6945164300039276,0.0,-0.04036754787863953,-0.10630654344315063,0.653743007918354,0.7708732463687192,-0.005255585493354351,-0.016330431674297687,0.07412486092453711,0.38297658544163365,0.20140232056650642,0.3116843133445323,-0.15292447622261304,-0.18108056277284532,-0.17217685388169085,-0.04067080099873325,0.661052092019259,0.4911920889402753,-0.1271743800577763,-0.01336902250242363,0.7359860508341486,0.6991958611652966,-0.07320903564714867,-0.03375435987482326,-0.18199119401506958,-0.10001578236915047,-0.21802924422411754,-0.3067872061025547,0.3615532446373011,0.4857239801706898,0.4421133685096055,0.43200513184472333,0.2361657394992414,0.21817920329921273,-0.10618289188219236,-0.13268103693542685,-0.152622422917943,-0.11522782342081661,-0.07558437137555313,-0.18209739139809908,-0.024629276374615712,-0.05751703522079911,0.15159993035544508,0.1503447184594171,-0.03541056927602331,-0.08919545509872348,0.11352763897747711,0.096237578137771,0.013666618759957531,0.021120865999428123,-0.1159162032630589,-0.11478462057156522,-0.0741382240716501,-0.10825862334767242,0.4377300810267726,0.42787709070968627,0.31440248103013696,0.2693987728815446,0.3450122829084279,0.41834483080247215,0.05799494064093964,0.2029662586886321,0.3084158326749231,0.3586456531605266,0.4017005533803432,0.31807865093875287,0.5114880439623909,0.24920067686771816,-0.06625329623276503,-0.05972021442154669,-0.0747654437780355,-0.11935193214741323,0.023473110697667117,-0.06032371819162506,-0.07458520914492879,0.024937651083132006,-0.15473125137373364,-0.14878250181777095,-0.053488983079399054,-0.10909468704926871,-0.1788428016648801,-0.14356674456669824,-0.051159087980061614,-0.08133258195573591,-0.14741449726013145,-0.16846056011000818,-0.05664928907633427,-0.04865796703791179,-0.041056292211223276,-0.04672950347480528,-0.02164418548728746,-0.043771031931156196,-0.16907869068846337,-0.2162240748199239,-0.2300724549833671,-0.25115140194345265,-0.11360397602876124,-0.09517406461278037,-0.03431442523639255,-0.04853090956516532,-0.011271174018354781,-0.058836803424476954,-0.06498976859085258,-0.07917210451934144,0.008484650589237936,0.05307663528609765,-0.0533787623570454,-0.29077229187948,-0.2803470328722691,-0.1284919856215265,-0.1334834909372984,-0.08344225167298526,-0.010201305793565539,-0.15389879261868172
Frontal_Sup_Orb_L,-0.08557064941471486,0.07315260521938025,0.1515305075332638,-0.04036754787863953,0.0,0.8023567523627904,0.22431797806981202,-0.01786657911282569,0.8173778239335778,0.7106187605567215,-0.005587223454358671,-0.24097508429443495,-0.018744060899736695,-0.12991432852498347,0.5719247082725031,0.7593681606362722,-0.0711992742092301,-0.18283720245210486,-0.049512605218612074,-0.17222096192977357,0.4035291789639996,0.5741583778995737,-0.0932681375555763,-0.25812200062526053,0.5338327515946402,0.566180942662937,0.7527845596537739,0.8303118258941842,0.3232373633793255,0.11060590703872852,-0.1669324263256116,0.09139985069960299,-0.26001151114478877,-0.2546399180378117,0.16712469185890108,0.05062712407503384,0.5442281584089829,0.2038718962887641,0.6817089296681004,0.7743022615204387,0.5302791494721438,0.3776270499968168,0.6199840710058602,0.5278721825824038,0.044623690401560806,-0.027872184585727346,0.6140939075680443,0.5084901587205745,0.07452319181669301,0.07015950444408343,0.48379682996633877,0.3856881337110999,0.715118090372269,0.7495252763312995,0.7263157122050639,0.7188526335289269,-0.24217928194590355,-0.2376667332888481,-0.2878112413867445,-0.16221708197028042,-0.2232612091916003,-0.1310299982996125,-0.3301338495443851,-0.4954673730941746,0.13482417627448678,-0.009345412045098032,0.0677331226421487,-0.15950458848280438,-0.18532446258386895,0.018468546473892934,0.2881982175759531,0.42812473105736365,0.36880160695989317,0.3295797460606696,-0.1953528104137637,-0.468753552618239,0.2625582706217455,0.1796908694136549,0.3824804766724708,0.31983230233372695,0.48688545978464454,0.03887727838031047,0.5107961962165452,0.21479191875034806,0.706602776796307,0.7315981502164314,0.6425420318063076,0.5867359261291882,0.7397407282345483,0.7498926484422943,0.5067356565960922,0.4909458836787264,0.5639661966651652,0.5812966562097747,0.5449252243819038,0.5045950109886106,0.4880847425615637,0.46036860420316855,0.14022073795098935,0.18404740332253172,0.6374719937737859,0.6239062486930519,0.12641957454733077,0.6220905161919554,0.592312881659043,0.6569816660190753,-0.4667267926456871,-0.48212332463821855,0.27730084865789545,0.4673847656389889,0.5371091902738039,0.020040379135822163,0.62384264806207,0.6519458257703324,0.3104231079702642,0.0019424875454232377
Frontal_Sup_Orb_R,-0.01704528444028494,0.09795790802836621,0.07683634652004273,-0.10630654344315063,0.8023567523627904,0.0,0.17224417765314984,-0.05994552328093745,0.7303360592156903,0.7110395940385881,0.005820594530022635,-0.24870305668614726,-0.06868178684835434,-0.18270686102861516,0.5487969188506775,0.7804583390718984,-0.09915995538233177,-0.24092232915775205,-0.0915743043640361,-0.18953924758839186,0.39747456434784023,0.4414197271453164,-0.16747716087805128,-0.3388739202232349,0.5247706348976416,0.5533165779468512,0.739406043838264,0.8174705128986571,0.2758794177910853,0.13888585676693674,-0.19691549097854819,-0.0386514333394441,-0.2526175898268677,-0.2609506366392553,0.12724261451612381,-0.0005526776753195055,0.5030421522896642,0.17477073322630474,0.7114167323542164,0.7782776584030312,0.4623554176000254,0.3400265877145264,0.6292683841420623,0.5573442185689909,0.1068116381405847,0.05981416530614346,0.6587739348792638,0.5254047395177749,0.16160217611189273,0.15917461254983173,0.525027319059251,0.41486657191168064,0.721070981667825,0.7116614128692091,0.7156343071094233,0.6973756563615354,-0.20415065099804716,-0.16157459742928287,-0.1894284399475207,-0.04724541641624526,-0.1710987275552732,-0.0607472506563765,-0.22200073560006153,-0.3840908872646317,0.046963328393384074,-0.018402413495273235,0.009196980320183472,-0.1436945288176719,-0.18719908295176102,0.061609555077460784,0.3147468727259658,0.3998607340423779,0.32054456716515495,0.31749854826129126,-0.2525292150570188,-0.4483120458539133,0.2740781259361306,0.20956315913845674,0.43182094320509945,0.39548939920043447,0.49648535054318754,0.048668660229131445,0.4768990364799665,0.21029982967668095,0.6607768646711016,0.6982470450885689,0.6075814260813939,0.5411209333003079,0.6859526695666527,0.6894553147541649,0.5017917255223105,0.4372100448922481,0.5212186152725895,0.5225820982582262,0.5661566367334553,0.5652969928948723,0.554514287730479,0.5241176098331107,0.2092613238398866,0.17582668904624274,0.6136376442058749,0.5851077004987864,0.12027569814154791,0.5789886281153361,0.5581248621570744,0.6234910389294872,-0.4517435855471231,-0.4741033706624853,0.22726945815569335,0.5599382453911302,0.609064988038903,0.017761883259293898,0.5795187423080211,0.6502328726409856,0.2489225245643205,0.03533873559556246
Frontal_Mid_L,0.43856126186505706,0.4219268554346796,0.6627864746087663,0.653743007918354,0.22431797806981202,0.17224417765314984,0.0,0.7639970789808381,0.16101982651192312,0.1650790075270073,-0.010540175556735162,0.36936777428956136,0.27278944963208474,0.24533676319588055,0.01377905774945777,0.03304829434535219,-0.11466854371007264,-0.07405640889270676,0.5237139595442574,0.4133185736528083,-0.028854459632814983,0.12812824330542874,0.6393771419919835,0.432511641338316,-0.07902398515997132,0.019262461390251718,0.05683517560815573,0.19292019573056673,-0.06610159691799705,-0.2522938197273691,0.314226972533047,0.49539366844770805,0.46096372311457956,0.4369980902260812,0.17831974967806843,0.111399845084122,0.027028471109098486,-0.09911404621008774,0.12152058443501143,0.19085504150581234,0.006176531782188207,-0.206073734021466,0.21309222255956514,0.1196607574913907,0.2276154225331275,0.1430112334931137,0.14500285848261374,0.12456782219473182,0.21954732051761544,0.1840307833196897,0.16041763694969502,0.13324157444287252,0.18474003322302915,0.20360492720446496,0.23621887322131382,0.19930444064371938,0.2708488812267251,0.3087850414253373,0.2778177473005733,0.1958868684835514,0.3414696116694163,0.4263109118379629,0.07799988005028878,0.09792483346667581,0.36700860613231273,0.3049568578242989,0.411636907516316,0.31752509863763084,0.3473262184976189,0.2242136149356474,-0.019863377428490248,0.043789691523995006,-0.015473488078853917,0.0036383746353723027,-0.06820110562068309,-0.209256430844776,-0.006675325800807788,0.03831029934795331,-0.0672540035010799,-0.10859370699335788,-0.021257640693968984,-0.19076176825667396,-0.11567502129614927,-0.1356934474814455,0.12701579574609317,0.14255977425888527,0.1109500019273903,-0.039102063224608415,0.2382388539216602,0.25238645795476916,0.28622933065706835,0.2679005966454553,0.2921928398502219,0.2713192806303405,0.046712797453501695,0.015247361850430382,0.019333651859438472,-0.011023403890892803,0.06513091595536359,0.10339177999732087,0.23004349864764387,0.2563801472293503,0.08869053929579225,0.2189500132865573,0.20937504585191802,0.22935476612055591,-0.28836688802402827,-0.27272560607196644,0.06895417105793329,-0.08351058245443817,-0.05678044585225017,0.007873024832904524,0.19218964674689573,0.1989169730279584,0.09694555055557444,-0.11660412960672097
Frontal_Mid_R,0.3990672023488323,0.4012886882009962,0.5718330606731155,0.7708732463687192,-0.01786657911282569,-0.05994552328093745,0.7639970789808381,0.0,-0.022065660176649814,0.04176121381416758,-0.028516162654308855,0.5125991691565358,0.2238165085354884,0.4791984222570806,-0.18549933401665386,-0.17863451144667913,-0.15550846554399902,-0.020834194268809676,0.4903653818871948,0.41251381364650197,-0.161573349330304,-0.07282036848976624,0.7586783148659899,0.6354559985270908,-0.1657336107432241,-0.10527235521356233,-0.1637135913417802,-0.07606461697018556,-0.20330532429588605,-0.28697617719846713,0.4205039243908,0.5663922255730601,0.5030151137769615,0.5502018133935493,0.06587117479964913,0.06510346642119086,-0.14354762787557598,-0.1721627311247894,-0.10492033605688694,-0.07754410691044196,-0.12411417868107738,-0.2658724862478127,-0.0138050989615661,-0.05004543774532115,0.17682484572040788,0.14573766211118208,-0.05004440199845685,-0.06055545140553015,0.2216240804629224,0.19207656937225326,0.05717209243074462,0.07448948978297995,-0.03926872815824169,-0.06196734270478165,-0.0056610764751624945,-0.03986640205504588,0.323003397747073,0.3512419705901931,0.3893146408222544,0.27807816144544995,0.4298635992361945,0.5612660652102432,0.059348717012455594,0.26060898223292595,0.26396594659840183,0.33211832922244583,0.3272446174682115,0.2906153892957003,0.3474237346362301,0.1397448228211497,-0.07151635742260103,-0.05486496963987625,-0.08146331942206723,-0.05595560770516794,0.011017698462875328,-0.0241485589398589,-0.07192644836381722,0.0035191658018153007,-0.15480824153558417,-0.10580490857739551,-0.11722793467335645,-0.14109188752073426,-0.17049955031034522,-0.11019165823616599,-0.08825072315174291,-0.0785801488548768,-0.08932350502133649,-0.19404026117291753,-0.008167989391534323,-0.004762433697693778,0.0826436614151288,0.0570014374304308,0.09459007104235895,0.051468386687795756,-0.14535721180035654,-0.17592939890354378,-0.15261165787278697,-0.20835741002306318,-0.0038883534526792923,0.009286864997590459,0.04336965770017703,0.044950316576146586,0.14712348886440635,0.027622903747020314,0.03269112811097367,-0.010028563444830574,-0.07663947112404841,-0.04364221978579108,-0.037747305835911564,-0.23826026312809515,-0.23481971779174138,-0.02677209952648779,-0.03602835556129587,-0.021271483450684848,0.058434108781054074,-0.06078110965228303
Frontal_Mid_Orb_L,-0.09900947896476063,0.06945689577072761,0.15230995935817,-0.005255585493354351,0.8173778239335778,0.7303360592156903,0.16101982651192312,-0.022065660176649814,0.0,0.7509269365094691,0.10345161324885459,-0.170010792613448,0.05053033365267551,-0.0230137193035719,0.6130059313685872,0.7740442109746096,-0.1303291977207221,-0.21966507519147035,-0.1055600198446399,-0.2482677366017306,0.4730789571315531,0.667640273130779,-0.06549305991862488,-0.2187326368909374,0.7130091805621732,0.6466123875523735,0.6958570005170154,0.7489119492389971,0.2513354359331873,0.13695746677317402,-0.0878991490718637,0.07779809564444175,-0.2656311341206268,-0.24899942254698892,0.20169431414359426,0.08193080469922755,0.5376207245342801,0.22753299527837856,0.5866056317860445,0.6606197800373371,0.5350403415383971,0.4873500654833501,0.6174552070850211,0.5676231683710955,0.09263590540514896,0.06694054806841208,0.5969969320482932,0.4730709763380289,0.10244643245719384,0.13401490997909765,0.5353266953120017,0.439064453134017,0.6533187430835985,0.6631918336883416,0.5978954636628514,0.578867706550762,-0.2880185763696213,-0.23474299674778684,-0.23655585954759417,-0.059698004715647256,-0.19699002989220787,-0.08474965142022578,-0.4005172763937456,-0.4278275516135234,0.1552887396613076,0.024031746313723498,0.03017791413505569,-0.19563237662682267,-0.18484571880931885,0.03203177947502958,0.41719991153128144,0.5325841910264153,0.3353905444571261,0.2986184283260573,-0.16506977642178916,-0.4094909023492536,0.38043968380294657,0.32596398041154656,0.48706161619764654,0.4063018701222433,0.5760850397846701,0.2541571619248019,0.5078550411098262,0.28874374296636623,0.6878446052774242,0.7142780540410376,0.4933706823501167,0.5524976378581787,0.6084186891277865,0.5898145728293593,0.3613628581442163,0.31814654231481054,0.39442476818056993,0.4031470973364303,0.5250415879067684,0.4141537047063234,0.4115015918634938,0.40031206176728185,0.13968463277892712,0.16168181561525596,0.5182126804823927,0.48581890811932515,0.18746319639453266,0.5277300422570352,0.4680605758172829,0.5524760208312546,-0.34193126269313906,-0.2775824450178918,0.1684192974370311,0.4781949747460899,0.5252182084955551,-0.04029910837389101,0.4659880646217462,0.5149134437233817,0.26685754013701507,0.026570904576477716
Frontal_Mid_Orb_R,-0.06277008544497921,0.17744079719506203,0.09265782903552716,-0.016330431674297687,0.7106187605567215,0.7110395940385881,0.1650790075270073,0.04176121381416758,0.7509269365094691,0.0,0.06127870968968711,-0.1277668991181466,-0.05594861792186799,0.027640218532464338,0.6037042440938652,0.7863672233362708,-0.21161037307440922,-0.1953855642316428,-0.15978940070995012,-0.3569798268562683,0.5027309196555297,0.40505073482988235,-0.06645537006910056,-0.2645407417349772,0.6327608427047334,0.7092184232939021,0.6591038056394457,0.7109094238245275,0.17489979948426715,0.13767575754931874,-0.025950561099802004,0.08161527208260327,-0.28202504599067024,-0.25483728521039434,0.1356935719373706,-0.01474183854300932,0.3344600428869252,0.04902395551261252,0.5654140368067367,0.5861609061737796,0.3096861104139223,0.3556046870138145,0.5564266253089619,0.5575821753688964,0.0268028840196818,0.043386477882527696,0.6101225206158347,0.46575533882047804,0.05888084955272412,0.12505393346269714,0.4639607239235022,0.3612005814309375,0.5819522490972713,0.5653351066204723,0.4924079008652674,0.4889616571400241,-0.23875506040683547,-0.13844393483613152,-0.19470728501912427,0.09558355912341927,-0.2176805324318496,0.015405061300844831,-0.3710103869856078,-0.34331330058868254,0.03836997500697858,0.023996170548041117,-0.01656809824912296,-0.21251851657159943,-0.19509692247117588,0.1070659730257221,0.4186639346583047,0.4614166377819682,0.2626862662846075,0.28833670079932633,-0.1633665126116847,-0.34728216960663105,0.436197680032814,0.3706680674449407,0.45683743531218246,0.5085664683303671,0.5227708865011016,0.16303636444032876,0.4228721848140231,0.28464261859863194,0.5659047767107769,0.6075217443653392,0.37379902107205404,0.48578082661069916,0.43646262773142225,0.44551702169903323,0.24574834977722695,0.15845508386023316,0.24548178175963198,0.2323748507267104,0.41733529637939887,0.3845243031186712,0.38566209527205725,0.41647635440272074,0.10224538692118072,0.020741029077962273,0.40685796458376255,0.3407876865432051,0.11869489049680719,0.36074933875823073,0.3158881003943217,0.4265671149244832,-0.23551312660231252,-0.20699976837421968,-0.0019001428889056952,0.5184702092270228,0.5153125614807978,-0.20530639583550372,0.2884846556516879,0.4101899362713184,0.1262585314714059,-0.007752560790082344
Frontal_Inf_Oper_L,0.15110645843532158,0.056411942874552014,0.32377210000143225,0.07412486092453711,-0.005587223454358671,0.005820594530022635,-0.010540175556735162,-0.028516162654308855,0.10345161324885459,0.06127870968968711,0.0,0.29893170395872054,0.6195676578889664,0.14828116474037903,0.20770270836098234,0.1158736998401264,0.05579105217585439,-0.09784848020881408,0.06644374716461476,-0.014371500055596408,-0.03576250391319561,0.03477028302464379,0.030624905617209756,0.1401475262643814,0.18483292609623436,0.2721328731374831,0.08253170603735469,0.0977310133369619,0.11840956152367223,-0.14825667156265895,0.19216045447552582,0.10494046313225588,0.008349411278606939,-0.00840063119701269,0.21945548604607504,0.12006449497831014,0.01708331022447821,-0.15117546037332294,-0.129096076172854,-0.017319838584524995,-0.009589157449619107,0.17399504144650435,0.16990635908260082,0.18956405398661336,0.15869858603082618,0.28653405376030416,0.07737678494410333,-0.06454365165611711,0.11695606534483911,0.11223634384948056,0.2648450341882477,0.18767119786464562,0.1129489053100512,0.07252053148241969,-0.024377482901808446,-0.0426824805615776,0.1517323516256012,0.05407557408451786,-0.1768318020383068,-0.09196183882131773,-0.0908397506167563,-0.18066762474537396,3.5165942574783984e-05,-0.10533005818737103,0.05308171193485045,-0.06892076510398397,-0.05123475508817512,-0.2080455633389242,-0.03210972976010166,0.08602140678583743,0.4142396306661043,0.43148419588969616,0.2767544851988251,0.172481560082365,0.04592831880345721,0.014409185206775336,0.4222043356391229,0.35872108035980516,0.28496227900207194,0.2749766441086529,0.43394215123488217,0.31478417435842354,-0.04251860965391342,-0.056129536358006875,0.2938395489891596,0.15223784289873532,-0.02501051250138784,0.01890985474485951,-0.026469751370632094,-0.036941645132716264,-0.13624547311288268,-0.117407812912461,-0.09571545910151653,-0.05104541953846929,-0.031619816813255784,-0.08210380116523065,-0.096563455076664,-0.10580231331995428,-0.1641785350985431,-0.04309921531938908,-0.02641495299340822,-0.009180053572132127,0.016760136122983143,0.0038315870079413256,-0.04955500827802745,0.02681041835294998,0.005840216050807903,0.009733774055805852,-0.020674316084272736,-0.07306895584272076,-0.015672529104558887,-0.18369349790733075,-0.14070225455013716,-0.012981148272923359,-0.04559686961612046,-0.024419631209911447
Frontal_Inf_Oper_R,0.27445040299601886,0.2506163728487142,0.30124469249257163,0.38297658544163365,-0.24097508429443495,-0.24870305668614726,0.36936777428956136,0.5125991691565358,-0.170010792613448,-0.1277668991181466,0.29893170395872054,0.0,0.4046280289145363,0.5385834263463984,-0.21211506303280134,-0.287918530841547,-0.0559670430792853,0.10791524137806112,0.2185094509451122,0.18221215793500542,-0.1732154310955083,-0.1294040327922954,0.38830837104744276,0.347537972482452,-0.21553591268026476,-0.1566253768491885,-0.3322668740023853,-0.2362535807906883,-0.19754115604053837,-0.22926226346279618,0.5464501711407921,0.3073429911885609,0.37428823003251105,0.346970107846462,0.13916749843538376,0.13322031914603066,-0.3550066809252338,-0.34300795360930864,-0.33097519589486246,-0.2982006349639441,-0.2931887132389316,-0.25238509828490885,-0.11225865060959714,-0.12724857625442587,0.20761026231292015,0.27350042614907005,-0.22852973378167857,-0.2778030750594984,0.2543227961388837,0.2255245677363192,0.008623257546530717,0.05211936159756597,-0.18085876599797102,-0.1997091017240016,-0.18635138174754498,-0.2468911946863088,0.22951757887788612,0.33628797958025025,0.2591252094710691,0.1444839294309427,0.331746549074605,0.4092853599931412,0.12576441323254708,0.4781226032437856,0.16202088998020542,0.22868897086167791,0.0932515826476606,0.17407023893395832,0.034003794332089235,0.03340505085074811,0.09134905570326954,0.033353182337410414,-0.1569515013630033,-0.06656914522422495,-0.0787141094441921,0.08010888691464352,0.09965544749901785,0.17547667478274648,-0.1942522873521685,-0.1387539136857348,-0.14424690028761142,-0.02317824822425453,-0.37265041467955873,-0.23023744942560867,-0.24349110902892165,-0.21846575704851495,-0.31839884929814904,-0.3837137936071342,-0.21882706298019614,-0.20700103935897815,-0.1554640670025593,-0.14794985675961075,-0.11488567594475729,-0.12931294170729773,-0.25306591222414393,-0.3784851005178474,-0.3057513802309064,-0.3092117808556247,-0.11230013912239968,-0.035231365972078314,-0.12139142677219837,-0.12296107705510513,0.05175356100969058,-0.12808877305356417,-0.12511645426518708,-0.1454553296445708,-0.024621989243642877,0.07741865196530619,-0.17404521663691336,-0.23965081798220841,-0.27866515540663844,-0.06805866527105987,-0.23000011772824822,-0.19481066224298285,-0.02483271593188753,0.008610274313249625
Frontal_Inf_Tri_L,0.21806630183849474,0.036790020039772345,0.40741852200494527,0.20140232056650642,-0.018744060899736695,-0.06868178684835434,0.27278944963208474,0.2238165085354884,0.05053033365267551,-0.05594861792186799,0.6195676578889664,0.4046280289145363,0.0,0.45731840014751746,0.1534879262476457,-0.05816246996977245,0.21792957559644058,0.1690769227715739,0.21983285307930173,0.20999340035249897,-0.07732157933505297,-0.012153521869302538,0.2926511009627311,0.32373969458745994,0.05509425398775832,0.09576656544109526,-0.05744941493433374,-0.07703249858756987,0.10049951985699944,-0.15412024991153755,0.2837789859438598,0.4019843321232549,0.1637303258467621,0.15125591708260194,0.16242587795356558,0.1856771405278403,-0.05272997269048059,-0.020445795150479965,-0.20095414327416217,-0.11766810380317345,-0.07190020222361163,0.02716116496450426,0.03536735384802405,-0.020874584782345686,0.30122789052856863,0.21232100807529275,-0.08458513807055759,-0.07101598591697984,0.24216647374761732,0.1987844548811303,0.07289208767992504,0.06918572058692558,-0.062224749912978904,-0.09358048521849342,-0.06869146271766655,-0.09590417463629448,0.15328216886108004,0.06534160167193534,0.03948085090273881,-0.05806702759776379,0.13409482244429644,0.03427629863940143,0.06692641882669823,-0.010226275286891304,0.27848992302265874,0.19845372209855847,0.1644670763066257,0.03565312700341844,0.15029198190146636,0.005896722569058953,0.04067066856082277,0.18862053512739552,0.23563409753403494,0.19210672650705585,0.17506249247652714,0.1497776607028596,0.09081046352497954,0.08555794761889439,-0.01299080425784772,0.004079678838248088,0.06243503017573387,0.17913447097164023,-0.1378526785195402,-0.0691388519759595,0.11245611569490499,-0.047806758266892235,-0.05940314308897052,-0.048153365672738285,-0.06358084416961325,-0.06028834435614898,-0.02790050426571784,-0.004235607064901799,0.013116808346457967,0.034796012954403786,-0.15834995516585054,-0.24425698077558528,-0.21771754775673124,-0.1766925202891644,-0.1436040313137387,0.030464955503025772,-0.04224033123294324,0.0337310162081647,0.06803245087971117,0.024189457401927603,-0.016166322866363717,0.029530461532669073,-0.029817818267105993,-0.04267591224093503,0.05153156145845857,-0.272583872177612,-0.25479673962185917,-0.03354342474628858,-0.09883632648076285,-0.030794968733693504,0.07403529552071969,-0.13000130580135247
Frontal_Inf_Tri_R,-0.021407133350791772,2.7653154418123573e-05,0.20143809227380216,0.3116843133445323,-0.12991432852498347,-0.18270686102861516,0.24533676319588055,0.4791984222570806,-0.0230137193035719,0.027640218532464338,0.14828116474037903,0.5385834263463984,0.45731840014751746,0.0,-0.058066605882040274,-0.14580611610390576,0.047284308331396234,0.2922140226901726,0.03589706592007018,0.07404053654384439,-0.060943211164025055,-0.13073275428984268,0.4837509280307963,0.46742670834504263,0.013512711324115554,0.02482459158613769,-0.18726187661529622,-0.22560548010247874,-0.09998030930487325,-0.07810236849224711,0.4547587433437287,0.5547564832405198,0.11276646016106201,0.16667635209236922,-0.10539924767295815,-0.007621522649784363,-0.20755542291345133,-0.056394156867488894,-0.29661063184368125,-0.2517472891530071,-0.20587741794102346,-0.10087954240725712,-0.21318099806844934,-0.15707800470998565,0.0559419398471558,0.02654540714061067,-0.2572249871827779,-0.21253619096291182,0.10741185161357045,0.0832170040074327,-0.11863725421872354,-0.04579758736947253,-0.21151963375951843,-0.2726001931708366,-0.17319234204753423,-0.21931483505483337,-0.026454506193558113,0.016999904435398686,0.08793242014893439,-0.001219746477950307,0.09437060498967183,0.1851449595972625,-0.02720531178934897,0.18966408501876772,0.018755060015658458,0.19626483846906007,-0.0146413360055229,-0.032536165010407486,0.001932611885845434,-0.16814666117921898,-0.07221870142313504,0.05447935232986187,-0.03882749685327916,0.04741916475019533,0.09941214412590726,0.19700733035797993,-0.05050834880664267,0.027696870886974687,-0.12761266019403333,0.007389311693210089,-0.1782220581335579,0.12098586147988444,-0.16409883298978722,-0.04102208180535419,-0.1665494862955665,-0.19019339256048717,-0.2028790183709682,-0.21068924564553873,-0.21278358395712405,-0.20154818912762476,-0.17508652694910481,-0.14477923162078093,-0.12329694938042703,-0.11611959400179471,-0.2303707576067123,-0.33626110983918645,-0.23433977419762864,-0.2336460709328778,-0.16279502687520359,-0.09096220638105944,-0.1540687265155605,-0.12957337146403403,0.11929731198090966,-0.12469558422077562,-0.10522953832426951,-0.1372662837390208,0.09631895904932797,0.12150081600637151,-0.12623242027605622,-0.18798499164558602,-0.2296378076980939,-0.04077362235059868,-0.21969102998355372,-0.1685146401386421,0.09989643851899956,0.03292518748741774
Frontal_Inf_Orb_L,-0.051244229063894406,0.12042880123565919,0.16886325711007644,-0.15292447622261304,0.5719247082725031,0.5487969188506775,0.01377905774945777,-0.18549933401665386,0.6130059313685872,0.6037042440938652,0.20770270836098234,-0.21211506303280134,0.1534879262476457,-0.058066605882040274,0.0,0.7327274395942255,-0.1288178999607007,-0.10154959278219612,-0.07355148748924539,-0.2481508709725546,0.6463462387768085,0.4607656804660329,-0.15871369356130755,-0.2827823061802849,0.6500195023833268,0.679462019547065,0.6493047002483802,0.6158517769171504,0.2888354902586797,0.3107196111115765,-0.05804561936119149,0.05749080774830738,-0.3767347519426491,-0.38285899753056857,0.05219458936582967,-0.04311388153988591,0.34539807364589853,0.14637237578127277,0.46466889807192135,0.46498176082107306,0.36364568234730416,0.42269644291175285,0.4544196158365,0.422129793053627,0.07659770446287799,-0.03695558755954259,0.4247683088601439,0.3308732006930314,0.038766659469538896,0.1075021800248234,0.3019263360143933,0.2324395294095123,0.4087533303827382,0.4458706784514789,0.3549148840222949,0.3447617849905701,-0.2062946708979238,-0.19355035485019145,-0.2914320566172114,-0.01256140139995655,-0.3568484255290006,-0.2594489326770617,-0.3037123111680224,-0.48472214061966756,0.05803121681928107,0.04252232347911204,0.03642365940473298,-0.3228656992243997,-0.06966277980878231,0.1743415386767641,0.25584752327874993,0.3647334380422795,0.29477506771876966,0.24108362011493498,-0.06461321600899607,-0.1947875761597188,0.3136422757216615,0.18699686777592675,0.3406290279892669,0.3679002095856033,0.4856501984211036,0.2784288461407921,0.4429048282005655,0.3851671284384777,0.6235128404004278,0.5134435915588792,0.31100377162257986,0.5315433256618463,0.3557001369195779,0.3434455282502838,0.14506910719671026,0.1220543978149265,0.12783328741592048,0.17167250646876847,0.4468073288023004,0.34589912754791985,0.25733392667278593,0.37495559773109943,-0.0314130443245657,0.04688325162591127,0.2476823295298502,0.2381941037589894,0.06393545816757695,0.2905529604633704,0.21707164694469713,0.3505339461747715,-0.15060573307164563,-0.10032749954184172,0.053556526417282625,0.44264925014039835,0.3158885329259585,-0.19650976577200865,0.25709264839230644,0.3000878225252141,0.13341974945159815,-0.0226653349997707
Frontal_Inf_Orb_R,-0.13735918034979475,0.06920667359468381,0.054845835937855324,-0.18108056277284532,0.7593681606362722,0.7804583390718984,0.03304829434535219,-0.17863451144667913,0.7740442109746096,0.7863672233362708,0.1158736998401264,-0.287918530841547,-0.05816246996977245,-0.14580611610390576,0.7327274395942255,0.0,-0.15129527036819815,-0.24843949328475332,-0.1970108583913014,-0.30614440464540266,0.4860746136116086,0.4753981838967419,-0.22630043422810422,-0.353242796196228,0.679869821622647,0.6873739086382668,0.8087734745623031,0.7969736852283714,0.3541457476333432,0.29499799713783886,-0.18160882300097925,-0.046475751332472545,-0.35278766698580416,-0.3333759608928477,0.14213588444452108,-0.019356153704068978,0.5144967295478086,0.21607940568138007,0.6808532141682277,0.7215961170909866,0.5066059540423863,0.4727111864641339,0.6069598386597295,0.6046232176512492,0.024059204124263597,0.005576156994927825,0.6465108610275017,0.519363702571841,0.03396859690341384,0.07779638394414896,0.4809423072963293,0.3735056391630152,0.6543384112212585,0.6625641289759614,0.5849058606813242,0.6138505052578636,-0.2729146845849073,-0.2418987399297471,-0.3150863343989048,-0.07329420367300192,-0.2965512650660169,-0.20565842087535982,-0.3176541917444073,-0.4821498280501842,0.054114280290166114,-0.039623681937678186,-0.02349866310999779,-0.28313094536707756,-0.21753853843944698,0.10102744634339006,0.4169183957642473,0.5078817965306879,0.3873834506413521,0.3627791124494064,-0.1622963918884684,-0.35809798336436327,0.3876014380829734,0.315784237673525,0.5127044382215739,0.5017670530364634,0.6097181861834833,0.25619672266845717,0.5894466705944749,0.34600809129146215,0.7165023173970518,0.7239577947642232,0.5230461840281351,0.6018841049091598,0.5749968533697181,0.5660532210572969,0.3283679626927716,0.2726993358471815,0.3372389145978335,0.36244147741065325,0.5704044997873817,0.5503556028095027,0.5140464608763544,0.5410468778671884,0.1454285995957211,0.14679878328296597,0.4892088569298522,0.44481643995746195,0.11674427149023957,0.4865403766369603,0.43935185999378507,0.5268939735981023,-0.3028004444280771,-0.2780583375595076,0.10532777657790734,0.5977735121055623,0.602986812283084,-0.10102370876224512,0.45043784027584927,0.518035162105367,0.18869094828028998,0.09048920169150695
