,Precentral_L,Precentral_R,Frontal_Sup_L,Frontal_Sup_R,Frontal_Sup_Orb_L,Frontal_Sup_Orb_R,Frontal_Mid_L,Frontal_Mid_R,Frontal_Mid_Orb_L,Frontal_Mid_Orb_R,Frontal_Inf_Oper_L,Frontal_Inf_Oper_R,Frontal_Inf_Tri_L,Frontal_Inf_Tri_R,Frontal_Inf_Orb_L,Frontal_Inf_Orb_R,Rolandic_Oper_L,Rolandic_Oper_R,Supp_Motor_Area_L,Supp_Motor_Area_R,Olfactory_L,Olfactory_R,Frontal_Sup_Medial_L,Frontal_Sup_Medial_R,Frontal_Med_Orb_L,Frontal_Med_Orb_R,Rectus_L,Rectus_R,Insula_L,Insula_R,Cingulum_Ant_L,Cingulum_Ant_R,Cingulum_Mid_L,Cingulum_Mid_R,Cingulum_Post_L,Cingulum_Post_R,Hippocampus_L,Hippocampus_R,ParaHippocampal_L,ParaHippocampal_R,Amygdala_L,Amygdala_R,Calcarine_L,Calcarine_R,Cuneus_L,Cuneus_R,Lingual_L,Lingual_R,Occipital_Sup_L,Occipital_Sup_R,Occipital_Mid_L,Occipital_Mid_R,Occipital_Inf_L,Occipital_Inf_R,Fusiform_L,Fusiform_R,Postcentral_L,Postcentral_R,Parietal_Sup_L,Parietal_Sup_R,Parietal_Inf_L,Parietal_Inf_R,SupraMarginal_L,SupraMarginal_R,Angular_L,Angular_R,Precuneus_L,Precuneus_R,Paracentral_Lobule_L,Paracentral_Lobule_R,Caudate_L,Caudate_R,Putamen_L,Putamen_R,Pallidum_L,Pallidum_R,Thalamus_L,Thalamus_R,Heschl_L,Heschl_R,Temporal_Sup_L,Temporal_Sup_R,Temporal_Pole_Sup_L,Temporal_Pole_Sup_R,Temporal_Mid_L,Temporal_Mid_R,Temporal_Pole_Mid_L,Temporal_Pole_Mid_R,Temporal_Inf_L,Temporal_Inf_R,Cerebelum_Crus1_L,Cerebelum_Crus1_R,Cerebelum_Crus2_L,Cerebelum_Crus2_R,Cerebelum_3_L,Cerebelum_3_R,Cerebelum_4_5_L,Cerebelum_4_5_R,Cerebelum_6_L,Cerebelum_6_R,Cerebelum_7b_L,Cerebelum_7b_R,Cerebelum_8_L,Cerebelum_8_R,Cerebelum_9_L,Cerebelum_9_R,Cerebelum_10_L,Cerebelum_10_R,Vermis_1_2,Vermis_3,Vermis_4_5,Vermis_6,Vermis_7,Vermis_8,Vermis_9,Vermis_10
Precentral_L,0.0,0.5279588661951121,0.5046105836959097,0.44794962920424314,-0.3374349262800484,-0.3401801572595226,0.41575244786254145,0.08782615671493776,-0.11177990343106198,-0.29344116597213105,-0.047179720465603155,0.022872761448822693,0.11150433065439956,-0.14764829759767512,-0.18165327710441367,-0.27796589910364927,-0.009100367516815505,0.24979576837871764,0.7119938861755004,0.6784248036966498,-0.28703207251595675,-0.2172391602512494,0.23397199970174035,0.2243526622649427,-0.1628464255761409,-0.2998263640275963,-0.1551997673166378,-0.16613244453357034,-0.08852090273936879,-0.14364273811594325,-0.13335445815041336,-0.20722810926140994,0.6522952601776277,0.4833873193444603,0.15795742034642313,0.08422017248498645,-0.020078745287638235,-0.16066930531506818,-0.14875466417574784,-0.040480302293945475,-0.15469424308638569,-0.09376711375346715,-0.08143643662767559,-0.10641775929684807,0.35709159020091563,0.30232045869490504,0.0255871834971647,-0.027055776069184516,0.3458098271029405,0.2885089691358947,0.21844397841499888,0.2898868134772541,-0.10412424291986713,-0.11496893440893081,0.021034251141681126,-0.006683794000860997,0.696649448855325,0.4857634889665481,0.6235480489778559,0.413721223316727,0.6426501182390607,-0.02493957455171556,0.30481612011877673,-0.028468353496024577,0.37648794978419675,0.2906771159218832,0.47093373219750906,0.4232174490019132,0.6602356982960983,0.5266765586495165,-0.21020331265284073,-0.23781309087957395,-0.2809749977919378,-0.22002317355791995,-0.1727879950748751,-0.18794591449153866,0.004754368023233726,-0.03851099061003489,0.006166781823634037,-0.10195630153679401,0.1563506120326938,0.20295483185079802,-0.15839049055106658,0.10199355356087084,0.015455707807698463,-0.06844687369818649,0.08036978152588951,-0.06941293196624419,-0.14880602503075083,-0.12336009297514364,-0.29259034305072795,-0.15917762386959378,-0.165701501963733,-0.11614317393153854,-0.18178592270631078,-0.2051524626344002,-0.2577295108811433,-0.209260968545187,-0.27961593051282646,-0.29584970047732373,-0.13566516886831004,-0.02242214418221043,0.04856587715857913,0.08073507015356901,-0.018764152586327756,0.01160995642831357,-0.06496568301753652,-0.04297937574249344,-0.1776920606758693,-0.26252406792092586,-0.32228293051851165,-0.3455055039808582,-0.26792122269131596,-0.1738802551992387,-0.08690388772908395,-0.15698810326941878
Precentral_R,0.5279588661951121,0.0,0.5803342683280187,0.6487008180382968,-0.12775721323167963,-0.03283559865626943,0.5060009792433017,0.5125832348996362,0.11752420132244526,-0.03304873504023769,0.07841503739842835,0.26362674400346575,0.23910029826775708,-0.0071672354248508595,0.05352596750911886,-0.02782974093769834,0.0700121023869352,0.1959987062809394,0.6026156401222144,0.5544990548430632,-0.14063487388781773,-0.023148743565090068,0.41142998192948677,0.399865861336826,0.002394544434784607,-0.10071265851311884,0.0518727005178355,-0.021873831568864934,0.07201626865047772,0.09900460744858014,0.03984192974339441,-0.07276291785402539,0.4687098125938401,0.40041607696446735,0.08471892433616535,0.022271479753399548,0.1704012864986784,0.1179370729768164,-0.07627020483866571,0.04454693989184452,0.09456945566508355,0.11423361444989776,0.10239941394138488,-0.010835942879647063,0.1269804414504485,0.12342361140048405,0.1522380418190947,0.08712901968147732,0.10114490003149817,0.04019393953389005,0.0781254246559262,0.15545764402537415,0.14882971835420697,0.20872109517508247,0.048110404133770455,-0.013749940193846176,0.5841092180939018,0.7207494014273191,0.2669854093543667,0.3876594398928335,0.1967852967697482,0.13769506011069685,0.08762316855411344,0.22135499676789347,0.07767732745873544,0.257222102244206,0.18412643826504002,0.16441522614927187,0.5718973458842347,0.4819940427000598,0.20291067456298928,0.08356775101149466,0.024309345935789362,0.11480490563537946,0.05957963749655583,0.11660710542399096,0.10692674877676367,0.09629971903224656,0.28398357996738866,0.22456073056457582,0.2573304659028766,0.24987305134421814,0.052851630942349806,0.13200151706612337,0.18413451186620314,0.08507332294492134,0.18770778660068146,0.09809543516152412,-0.04890096714815737,0.09835994519327795,-0.2466745227236221,-0.09983326478737482,-0.07914346338147334,-0.005439351330594429,0.04588558050139832,-0.003729727854500203,-0.07154826935211023,-0.1096377885922504,-0.1291143429460668,-0.2824118421329267,-0.07377767341851,0.024787802714972912,-0.06757035731949072,-0.03978749147671642,-0.12964941729684445,-0.011652908703318386,-0.06945561962327743,0.09313102342210601,0.002130138359492303,-0.05488706080261356,-0.07973665141020377,-0.1787984153991459,-0.15910331208885384,-0.024982874350304697,0.04851895750127334,-0.09949128371321526
Frontal_Sup_L,0.5046105836959097,0.5803342683280187,0.0,0.6426710232476747,0.06409394259782951,0.12867540440936326,0.5640473856254684,0.4705023506347027,0.200940329020346,0.07640537562984658,0.08188092899104644,0.11750133509522272,0.3362527200109961,-0.008181204685393595,0.12687982005214019,0.08634097156941585,-0.09097050787320109,0.06928332366598099,0.5486786705325299,0.4885847108033622,-0.047943192729169366,0.16651626607285125,0.6641993233880433,0.5568444664950897,0.0694537706066917,0.09129918746090897,0.011885423689235746,0.17902933057180054,0.00310306257669358,0.042105525901114486,0.16647161469348037,0.11677402517600653,0.5131055792502619,0.4468441065496293,0.1308752706172615,-0.00011255637046645231,0.29521184725946875,0.23562679531567512,-0.08178615851002825,0.23170112266080295,0.01672072559870261,0.042864280992026355,0.1894581997680695,0.13228798677194173,0.11608671380075025,0.0911742305822037,0.17375437130779708,0.2336150935621737,0.12608778366432924,0.03389061777630853,0.07528811461656697,0.1422790133354754,0.2032630897679144,0.20040447681508314,0.0498966671733538,0.12155081654564114,0.4635865400158485,0.5586556690159327,0.2610117945227152,0.33068086928166746,0.2195372718709433,0.14888695792234982,0.025163899327607382,0.10269663547290518,0.14313556153812262,0.1815485826063434,0.25047661915493247,0.12347532102325884,0.45239180014469216,0.4468011970937941,0.29141411095537145,0.2992654615755115,0.22698242782246122,0.27028864097211935,0.33315164260322316,0.31759858386723255,0.30738298413609705,0.3254932131800014,0.31582619075216845,0.3339267549538911,0.148561465776967,0.27241389781006536,-0.042733928890859994,0.1557127681696419,0.1692379119268163,0.20860766727807561,0.14276094812293313,-0.02572719518148149,-0.07076240539359428,0.09159893634348362,-0.2443242428053344,-0.01659512652383098,-0.25276535776105197,-0.1311554910043714,0.15135355859167662,0.08212273481880504,0.023510896844277443,0.06901447898381591,-0.001621244006313311,0.01286494918960978,-0.27105827755848516,-0.10332949917658613,-0.21085152049405106,-0.1732485917691184,-0.28385848395427715,-0.16975481790061359,-0.014647736845518159,0.19069573109955526,0.14224930552120735,0.020048558709963114,0.011172045214527082,-0.012038231366377553,-0.21298963319118314,-0.0870193536717915,-0.07748345650957932,-0.19011347399907233
Frontal_Sup_R,0.44794962920424314,0.6487008180382968,0.6426710232476747,0.0,-0.07141066953194698,0.023147021858197322,0.5836622865044037,0.702133616873283,0.13255288347984018,0.14316678276307987,-0.06719225653664164,0.32718813049015655,0.14375618862452003,0.03989565348594502,-0.0028214830751601195,0.001692897750530119,-0.15985351087755448,0.08868911755521093,0.6505831911190036,0.6003027458983619,-0.09866497061781374,-0.03387664362639953,0.5959889941752523,0.5500869330462078,0.0669548479967213,-0.03859059916403725,0.08752793954332096,0.01769388898061993,-0.1569013982945584,-0.07702902505447451,0.10933480118129306,0.09232261451075482,0.45237102924896155,0.44660692709376565,0.04515969266205333,0.046868920465750384,0.00885538217829232,0.02922386702137773,-0.1453244415358287,0.009912730193947531,-0.04838885062459722,0.01934304755364219,0.1577849247725186,0.08411400822545513,0.15450722035096617,0.1574324994879247,0.09440580146953141,0.06257172410221899,0.14881720888491154,0.1289797397301503,0.09571131406201742,0.2146302273636493,0.07503303903853951,0.09061569090926515,0.008231283981448482,-0.00812237163786825,0.2798229158233974,0.45210363173665075,0.1862986355668702,0.38068291129759746,0.15088594697236982,0.3777404918032532,0.04368136863937425,0.29737144410554944,0.13180851171881897,0.3850696714847971,0.2858825820580811,0.3001265122118801,0.46544267214693036,0.4006212781679233,0.10147982740300865,0.08328504070331363,0.04695131559628965,0.07650816985815502,0.0744814442675267,0.0978273802628385,0.18648188919484024,0.2140505892685471,0.06387117049513805,0.08849423810361629,-0.0038021684944728336,0.21416943744866657,-0.04571870126596335,0.10293080384844361,0.021782627204100822,0.11925675960689817,0.13923526770648342,0.013233468922972605,-0.03763288265912864,0.07962729345412435,-0.08498991323577285,0.0071589869722813405,-0.06354812058822519,0.008264693157716043,0.02299819298083674,-0.04197709808993783,-0.13345609612719733,-0.10691127226794245,-0.07529113522241845,-0.09969548708682484,-0.03163661729163112,0.11714165589350801,0.04585541029014368,0.05383410950085169,0.002116995109278976,0.042825194526891236,0.045731115780923835,0.19340691569815832,0.054155034057686756,-0.18117299815493462,-0.19325335397625348,-0.06894180134543397,-0.11284937604124631,0.010356903539044063,0.0903237178088746,-0.03761377398631558
Frontal_Sup_Orb_L,-0.3374349262800484,-0.12775721323167963,0.06409394259782951,-0.07141066953194698,0.0,0.5811997046106241,0.09897363530165594,0.12834354752316587,0.41337021684469144,0.5219951065774845,0.028834329803897996,0.022863661166467795,0.13945304710184114,0.1894980466980212,0.5416478875261626,0.6329453729960103,-0.03170708806844876,-0.1550433833809622,-0.2199573937573132,-0.2866855183820926,0.25971627199870756,0.5044531589996187,0.057368969758974334,-0.045767334784370325,0.22710695711235057,0.47565453797075125,0.33740948756487443,0.5526920232567575,0.15731333817454357,0.12892248468086262,0.1487647635870683,0.3128982992830652,-0.19941028191256155,-0.10420326122269802,-0.07573256579817836,-0.0933399497325924,0.22007816108475295,0.4020619874442366,0.051240928169869915,0.35260711576797554,0.3891936466363882,0.3622271060767152,0.24001505924252922,0.09698302803506584,-0.21940185303033868,-0.21084951485300574,0.02219818120391595,0.1454053713444735,-0.1630818317674241,-0.2273978543845697,-0.03018206221280805,-0.15224715420777596,0.33826682932950003,0.4185472661943758,0.16352519215158784,0.27246299889659464,-0.20323731211134166,-0.021668117778874348,-0.22541738536656392,-0.05107141272120953,-0.27250739257783446,0.12082279775920131,-0.11675301466728841,0.10895339236319196,-0.1359001009367691,-0.10187600751303379,-0.12734773235190164,-0.21821651733084518,-0.23107798344378866,-0.13321190453567736,0.21750059394104357,0.43493802144945237,0.48157930232697665,0.4011944772316895,0.4830024667682023,0.4756737001022519,0.15721838923528433,0.22487928309156588,0.11974126538228062,0.3022269620185284,0.01564668181611759,0.047132791436279756,0.19811372905910504,0.15707471787462987,0.2804140606249502,0.38426900720778534,0.12420503621507376,0.21250585893209112,0.33265720656113584,0.4944050682751555,0.3480250192706463,0.4081501947697821,0.2346989402033501,0.292207809574744,0.3368851837562145,0.29888260457959076,0.39656338131112057,0.289713592790233,0.4047219932194317,0.30684130007522925,0.21818741265212385,0.127193103359503,0.011661150143633774,0.03018947981128335,-0.013183198812258998,0.12725824983399836,0.06755785672911702,0.2886889016444825,0.2726217506581228,0.2628774215567452,0.2761040531428523,0.3221863337243923,0.3672396984021581,0.387667625612917,0.23315319111091706,0.15407299936047789
Frontal_Sup_Orb_R,-0.3401801572595226,-0.03283559865626943,0.12867540440936326,0.023147021858197322,0.5811997046106241,0.0,0.12821612054750156,0.17750095067103858,0.5073998885468586,0.6878183219166653,0.02805279268298194,0.07554363815059187,0.04479408170565519,0.18637164495591152,0.4944833018770816,0.6650311569787213,-0.06474510578360348,-0.14210069504257156,-0.26097566920907295,-0.3107179773278892,0.32197553442435933,0.5167969611189542,0.24560971035814977,0.10914049054363185,0.38575688547377096,0.5916027528142738,0.34478592864034535,0.5247058480248183,0.13188965934565813,0.27428214261226197,0.39669991577446706,0.3318934621906147,-0.3332101988275728,-0.25745239370442746,-0.19731885456625664,-0.23799149840374006,0.24586740208137434,0.4975556194460628,0.06445314656902656,0.3703265426747343,0.43610686404756527,0.4292623635511831,0.1954025424111432,0.07409880230967376,-0.27242908040096125,-0.29393535056484493,0.04460158181686709,0.13077850861469645,-0.22443119176161822,-0.2957161551835328,-0.08814823670544385,-0.22073295698097703,0.3631166522473974,0.49129311436386164,0.05859858869079198,0.2298641975797049,-0.16591329276599304,0.01748873244807348,-0.2820109328812955,-0.10316983275345211,-0.37321305324144133,0.10673048848927068,-0.24058370886556926,0.07595537214226603,-0.24756851780768024,-0.21307532066004858,-0.27327018734295916,-0.3367421634897414,-0.1804276558530132,-0.10232981233147799,0.4500433184367767,0.5193432018878129,0.5140066768321805,0.5374264063431037,0.4156504393990318,0.49413224168135755,0.02387298963637465,0.14012525322686883,0.13585547017885866,0.3477635191679651,-0.09295782887037239,0.027132344054319815,0.17197241002731528,0.20246490979345055,0.17673696325537905,0.390335870587602,0.12441129116722392,0.24496280258385175,0.2552902471431537,0.4839313298514474,0.2515626832191774,0.35918309823382233,0.17136211781830818,0.28303972549681256,0.4065717574971869,0.35754872186287706,0.37104470244958165,0.2628406920401156,0.358070616846793,0.2839172797684095,0.17151938980337228,0.17388862321457074,-0.068444534004993,-0.050055086906609265,-0.06365660848066464,0.07017496477651497,0.08037951634340136,0.3625094186835907,0.3370204513660178,0.2911423819279726,0.28884310599106994,0.29630846130940747,0.3006087446370968,0.3594372338014459,0.2904169413053934,0.14414727535327032
Frontal_Mid_L,0.41575244786254145,0.5060009792433017,0.5640473856254684,0.5836622865044037,0.09897363530165594,0.12821612054750156,0.0,0.46953953779559904,0.3027197194716991,0.24241332429784726,0.10066717105509247,0.12795734973288805,0.36327868727126206,0.016085545901978172,0.2576912571509881,0.15735793426151487,0.08397628454567402,0.17438411523998995,0.4815689176458052,0.33378671297408274,0.04230834610557944,0.1428048584456117,0.49018029999768736,0.33285730410924813,0.20113006862358196,0.10519162880652229,0.22682776686121223,0.24008578894402924,0.21164190123345422,0.04146782557811019,0.32002746956838224,0.27626014390377446,0.3687928137601606,0.38242735744343204,-0.02400225705021802,-0.06657219428174886,0.19072275791669085,0.18872896033411735,0.0006337077452446287,0.245260400145289,0.1819965610265641,0.2901531824866062,0.18895975431334164,0.0223463637033878,0.11470902905244412,0.004913945321079092,0.19619567490849496,0.11252926332582426,0.12600230499604925,-0.026585996478730396,0.05778450680373086,0.009144403338532456,0.21160796893889036,0.19509634352298277,0.15915747993638532,0.1918941307995369,0.3943421084468191,0.5112493688159061,0.24140933871878198,0.3487459115841291,0.1739799599267199,0.2196871578553589,0.24805466396840914,0.22461193472395768,0.16308221222164992,0.20242934167678914,0.3247468987507855,0.21633683553651442,0.39605396818706434,0.48459543842387864,0.15212056714790356,0.18361169414750264,0.1902642379348456,0.20101642967470565,0.17152963174145267,0.22946457631257347,0.1603258054023915,0.17729021398322334,0.09396719113433888,0.08049185501121336,0.1295898105851362,0.10525458666359232,0.19559170170821874,0.1732837167179714,0.1952066764752051,0.13173985484208342,0.2507224849875106,0.24576887385421872,0.17943871337093384,0.30006946196474826,0.006599919658435597,0.18234431637316573,0.08672106271887693,0.1984756007415589,0.09093492630620788,0.011436006268460619,0.02637245578068263,-0.05418574200050458,0.030937761831783702,-0.08834853697923345,0.04650670979252062,0.11589170744449888,0.035982438898839134,0.08956300859539423,-0.037249736842960395,0.10754251690224094,-0.06494269490636083,0.21918657890724114,0.050828986654057565,-0.15616003983220766,-0.1597176157931384,-0.0939227224514099,-0.029619304427927776,0.156858980166476,0.13977567166245636,-0.08397440963875112
Frontal_Mid_R,0.08782615671493776,0.5125832348996362,0.4705023506347027,0.702133616873283,0.12834354752316587,0.17750095067103858,0.46953953779559904,0.0,0.1483830568375408,0.23221827773187628,0.085392930527519,0.4925252939270706,0.231561704515821,0.25266363026188804,0.09023361988056783,0.1366016163760283,0.016183515667764038,0.10868845390014488,0.33070577374121807,0.3189689209805436,0.031206081938846077,0.06405834133696488,0.5485650783782197,0.5446406954651231,0.05959622334789561,0.052398329857815285,0.13074708549110897,0.13151289694076296,0.028142493073313596,0.15357242016229278,0.15269398542224877,0.13576917880298187,0.27276783803683946,0.38422920717352815,-0.028982329849581195,0.03392084275129784,0.005872258932455433,0.11888797462514537,-0.11060331176323328,0.022553841554764784,0.022118870707186686,0.03477451656562822,0.23664485557557044,0.2004174216554517,0.0067900782662144105,0.04437918508825081,0.11977186674360726,0.13724575602855438,-0.0038322987285708925,-0.02773571865641524,0.025110107268971952,0.12146269394518022,0.15347084894100047,0.1626432846534597,0.0034758571353526164,0.03159511045464316,0.05896417632982075,0.37910704377451404,-0.06295335567530147,0.19495938866699053,-0.09184284817011412,0.4859022540491602,0.07356938311159224,0.5170455331462945,-0.03819293707183244,0.32639095662855633,0.10657151135697161,0.14467001050882308,0.1300022732699517,0.19075240824765372,0.19922354088522815,0.14764325843509973,0.1641354084890225,0.20642329142165172,0.2639588534369847,0.24497162846344867,0.2548317068798429,0.29550664597341636,0.16464800088264023,0.22038201356268533,0.06387716986015472,0.19669450433321742,0.12372394823648535,0.06373406226352979,0.09758791452423969,0.1843800201229138,0.1401629970210793,0.01695288017520355,0.028980514758874327,0.14171240131927024,-0.023592985609085036,0.01227720112085336,0.00553387949980377,0.04916070766377571,0.07723918374710427,0.04492546479348412,-0.038251537961420265,-0.03452542872359977,-0.005358742172825278,-0.03920477252650419,-0.016214923550355156,0.0660365527344845,-0.025988202946195825,0.011650271637264275,-0.031423939146206434,0.02298990554922814,0.03244508392383827,0.14601997529561164,0.041871209502046425,-0.046578659789794086,-0.06069013980709752,-0.0268037351269611,-0.047677145094626644,0.04390094784591389,0.06095433020197893,0.0026745487242086714
Frontal_Mid_Orb_L,-0.11177990343106198,0.11752420132244526,0.200940329020346,0.13255288347984018,0.41337021684469144,0.5073998885468586,0.3027197194716991,0.1483830568375408,0.0,0.49610749833645434,0.10762281972831926,-0.020572273061556574,0.1618637544260687,0.009305301245714642,0.6582474153859005,0.43678562026937867,0.06753894978479408,-0.11162162581370762,-0.1003277525243672,-0.1423041085341201,0.3294418273242653,0.42996856262895516,0.25875770802055464,0.2129230823376087,0.3817178526924051,0.46280569974202856,0.4223841477672929,0.49228554816863823,0.1902791267845261,0.10453597461939015,0.32496120571457143,0.279875939436155,-0.24740340610387224,-0.19756184354947748,-0.06153951341329779,-0.17457986652855806,0.3506699220519629,0.37743696543309835,0.17869352564556198,0.24002144059369768,0.4096620672699327,0.3547403752532663,0.1625495621506171,0.021229958055466475,-0.21307977192608074,-0.22467952269434197,0.17077306262030736,0.09818819920912507,-0.13399115788282773,-0.17506388776002474,-0.06281181960108675,-0.09134857702232041,0.37271996104906535,0.3489826288735574,0.26889293777192486,0.22715243094653953,-0.02904869094188114,0.16208759578421922,-0.21050869604164735,0.03919972704549487,-0.19825301400680298,0.05916008682613361,-0.1311567644367699,-0.04557985395278959,-0.008758978494860252,-0.09951259439922491,-0.17494757074433614,-0.2618509881248066,-0.04543180691991823,0.08367454025447275,0.4127101351755856,0.43638695772552966,0.4475171528712665,0.39853568640718234,0.310083108774718,0.3398553526749892,0.022274233735914244,0.06284484067857547,0.1019144803976561,0.1262899699768481,0.05172582125631187,-0.1022760367605868,0.3342808498676505,0.027138038399896855,0.3641584219763164,0.16718254032931248,0.17625124012338775,0.16812277993383543,0.32890144014960077,0.3605279491223771,0.3184944410892439,0.2915542030753207,0.22254207712678245,0.25091459387441234,0.34632185976695984,0.28179029227527996,0.3749843741373781,0.14672562612317122,0.39104941273514604,0.1439729871865157,0.21340845397280028,0.16784544740116747,0.035859567694017006,0.0036700868409581255,-0.03978011727807752,0.08371123477378864,-0.011478639489397828,0.22839244169590686,0.23724939187191857,0.2548460383905191,0.21641978758547148,0.27388598299043737,0.27645073236966244,0.323591247842085,0.24767881634948574,0.015949311047447005
Frontal_Mid_Orb_R,-0.29344116597213105,-0.03304873504023769,0.07640537562984658,0.14316678276307987,0.5219951065774845,0.6878183219166653,0.24241332429784726,0.23221827773187628,0.49610749833645434,0.0,-0.016149427180510968,0.06724657025817087,0.021359265317671707,0.1505952086421251,0.5273933862384007,0.7174653851436176,-0.049810941450001554,-0.0801048276865226,-0.17238108683248868,-0.25377647951318516,0.34717363376478805,0.38871980716617316,0.2026077642608573,0.07501458334736898,0.5094709730285379,0.47835220875226714,0.5194656674814453,0.4275208481969121,0.08837593457785858,0.20640993582315265,0.37322340859584424,0.3965192024337924,-0.2824713454032043,-0.2077064380754075,-0.16343402568846302,-0.16567463645503455,0.15229368921711864,0.45974637549673286,0.138833334371601,0.4185585100192156,0.4363783241576223,0.5397359349386982,0.3010266350926289,0.12177962504281681,-0.15558687664646342,-0.16610393104314033,0.09385005973182241,0.11965698338491408,-0.11179927948027077,-0.18326541899015703,-0.001854340031225098,-0.1469989460170757,0.3414295615043702,0.4550838979915277,0.1256696028435821,0.3020496332390684,-0.13598793351562516,0.002909359117628699,-0.24791014180588763,-0.036092189980315104,-0.2750340121038495,0.1432956194664026,-0.16365862879954962,0.0777084133624349,-0.14374241412518227,-0.10491829530701582,-0.15692470574840725,-0.18937631770655583,-0.13182750866784843,-0.06397427002806531,0.348701254035917,0.45990209668884624,0.49857914695004435,0.5501702288371266,0.27806226888766067,0.5030587042061228,0.07046782252285644,0.21567686656205032,0.1124777552072704,0.22871052983326018,-0.08201831053771926,0.07667862592695245,0.30555891624437914,0.3014201146689962,0.13277734258701912,0.4285721089480874,0.09454935101698697,0.42253975672139654,0.36138744645371523,0.5579258325499465,0.36505528060952,0.5259825722500713,0.3275968160861274,0.43794793807691745,0.34429606891428405,0.3642096414321723,0.3478635589713521,0.2749038160654192,0.37537814538126507,0.347455394870894,0.2683661530674961,0.34450479407732876,0.10550615972011951,0.11694967430210544,0.07344385372675016,0.23281000583525663,0.06889951119851315,0.47373207173450904,0.26937229498550774,0.16495403736272,0.14805837242154835,0.29365640073904037,0.3384154070242752,0.46509334794706125,0.3853303261164949,0.1583227035454968
Frontal_Inf_Oper_L,-0.047179720465603155,0.07841503739842835,0.08188092899104644,-0.06719225653664164,0.028834329803897996,0.02805279268298194,0.10066717105509247,0.085392930527519,0.10762281972831926,-0.016149427180510968,0.0,0.20814919704814572,0.6635734025689046,0.18543961460093958,0.18600413566014176,0.03877733154440633,0.2709694224249043,-0.008943991158666124,-0.18430138781237465,-0.19719545069836017,0.025029768737471956,0.09771143235814296,0.07461043953494763,0.09716264085848586,0.1238086814624298,0.10127217292459904,0.09074844216595902,-0.010738496764277457,0.4118401831818003,0.14214983315969607,0.2896608913934758,0.13548969472783998,-0.0221271343737677,0.018775494309850354,0.12082905421044163,-0.024806437114533557,0.20241783876403346,0.12185235832323897,0.21140418413211962,0.0692922389280694,0.10512443020921738,0.011932968617533532,0.040539394962761224,0.03857271708188983,-0.0508303635676848,-0.004753198526173234,0.10743509464176894,0.058298035761185946,-0.10215964375586709,-0.12814444995116173,0.03606151343677758,-0.004059981624970622,0.06883820637143319,0.1605307847975318,0.014032545126447162,0.05876345888646032,0.1612550107532907,0.13807570202696973,-0.1879223202128103,-0.10304922468211765,-0.05645133653939888,-0.04942108666669584,0.11856146885189504,0.06973390758413642,0.1510648140740622,0.003742035161063446,-0.125121702459567,-0.18054486631296332,-0.13516813874080855,-0.09310813939159256,0.24921813481866426,0.08460255861985348,0.13288115777823356,0.22818363942446188,0.23695488534260656,0.15251795817384947,0.11595977477621174,0.08958791645145009,0.380349874051335,0.09445226299522837,0.4717774158101662,0.14509033072481486,0.1359664737845677,0.013923287770459007,0.44045046747648725,0.12335430657503763,-0.12447937446096478,0.07564749732992394,-0.07227697230452647,-0.05685066763851233,-0.19365174786900025,-0.10616903562685069,-0.17236908042735172,-0.12843977507787346,0.022270103364827844,0.007904225914372334,0.029979860762701063,-0.030776390977075817,-0.07949789197508358,-0.1619086745132291,-0.22239665706797584,-0.1785808949211823,-0.23110251303538654,-0.2429565300193391,-0.2305520465413627,-0.26492480602956925,-0.17118070191246712,-0.030927475227043637,-0.05396852692702139,0.13244839698676447,0.18435181099916717,-0.11499698095004968,-0.2352367422109826,-0.20453052673544023,-0.10995711704459336,-0.19596993672457105
Frontal_Inf_Oper_R,0.022872761448822693,0.26362674400346575,0.11750133509522272,0.32718813049015655,0.022863661166467795,0.07554363815059187,0.12795734973288805,0.4925252939270706,-0.020572273061556574,0.06724657025817087,0.20814919704814572,0.0,0.12525364797956828,0.6815152323927842,-0.06711166807001953,0.08125971867376228,0.050123256131190515,0.3209947840543226,0.09887118540145995,0.03821473113800229,0.017854426767544566,0.04468580547715393,0.2067864887403768,0.23179515576492965,0.05093011002677078,0.09928624904827182,0.07359303477616395,0.043104784891425364,0.0866162597048106,0.2538499372600703,0.17785264239771595,0.15653110486640748,0.11973730150028397,0.1818523822700648,0.0730035639188345,0.19632201684332629,-0.11899494185346947,-0.004887507402054764,-0.11812639788946995,-0.06662769019425877,-0.06735780010344139,-0.12295679643003715,0.056202122252284985,0.06690116693641279,0.039871620410573225,0.07638405262906013,-0.013361757509806184,0.006615345958473767,0.0066687020799685,0.09326887895692891,0.05710621417001207,0.21464780313971923,-0.01207444898958808,0.11523811438367279,-0.025526032715081474,-0.07273523553813359,0.05369691706293086,0.21422620021291322,0.04635100568880258,0.08461653763766402,0.007554250822715486,0.19719712817312096,0.0897380381095282,0.3637899831512905,0.03088374598384923,0.27416178301972965,0.0747192160425183,0.11624982144597205,-0.013161074076582027,-0.03405914592891501,0.05944277598753666,0.08272326197308444,-0.11898393529311631,-0.053072264684856096,0.13750511786094075,0.032514895766612546,0.04572789252096746,0.10252954688788195,0.17613329678508813,0.090578886386136,0.03767765104278791,0.3613665759360335,-0.08564360952360434,0.0665378847885642,0.06181720790446075,0.2646038691272115,-0.04140950163049526,-0.08024555036013095,-0.1473959635455311,0.02980683078624804,-0.14102851880432962,-0.13534558976779915,-0.055465315097946666,-0.04170237651791767,-0.04728362311941289,-0.04149761754435747,-0.12896782785811725,-0.0942568295468977,-0.14244453529646953,-0.22819708679922526,-0.07569758853415562,0.014899729172087353,-0.08480604564901272,-0.045507865250111926,-0.05498837048619317,-0.11719503551344199,-0.14478213170218696,-0.04329712321933468,0.018695389302954404,-0.058008023179233564,-0.057025772587607076,-0.1948173937270941,-0.1547568404235204,-0.0862238822200978,-0.028156010381153656,-0.0335624641821922
Frontal_Inf_Tri_L,0.11150433065439956,0.23910029826775708,0.3362527200109961,0.14375618862452003,0.13945304710184114,0.04479408170565519,0.36327868727126206,0.231561704515821,0.1618637544260687,0.021359265317671707,0.6635734025689046,0.12525364797956828,0.0,0.21650651818418093,0.2762426722632655,0.11129752932321423,0.23085755280274423,0.1524459752001117,0.024134663143484735,-0.01685545174001681,0.06529295194141653,0.09892580081850129,0.1980341880842915,0.20148018828651,0.20923530633904366,0.14558211574029045,0.13427200148253296,0.1155577425459776,0.42017241350911383,0.08059826223873691,0.21374726796887206,0.19757740381893343,0.17276098772783485,0.23459797285315867,0.18262997868408162,0.016871902118903593,0.31537641202534406,0.17689441734100586,0.16938567116659164,0.17195076539968415,0.11805987522328679,0.08696253076219622,0.08190194312828696,-0.007228413025205596,0.0181643548062411,0.017757560843110948,0.16967672669370085,0.12573660289987826,0.03417950200518911,-0.04556930748862679,0.1419330076558901,0.0605481524193015,0.2039692052247419,0.11842845545192517,0.13365129547061405,0.18242697395691043,0.25100519156894313,0.35006545250749704,-0.03316597751793934,0.11841530732665394,0.09493367677939368,0.016374017045425866,0.18548863680105432,0.12070670183124746,0.22544135426201242,0.09752976488075377,0.08125127783516344,-0.02501031506356694,0.031881987456414476,0.12747759034889336,0.23595891693699333,0.15790456437651065,0.20681727091822533,0.230763400691595,0.2851361824833736,0.24163831073404424,0.2921445116179854,0.25616753250617114,0.3180301091049418,0.10047149327573517,0.5043692942646558,0.2741283073097899,0.1996841537772391,0.1741178006163631,0.49530585456745024,0.20794155542140597,-0.03205355276816492,0.10481085006306198,0.050672256824266286,0.050937229722085725,-0.17406373254603325,-0.024376972193968515,-0.16395999523430688,-0.08912134720633226,0.004325640647463966,-0.05783279090169149,0.03542264859569818,-0.024497516583947186,-0.043672251526600626,-0.11417171532981465,-0.1871797425533952,-0.14219468598774154,-0.13614232035751006,-0.17085172748955837,-0.22965533605926436,-0.19779959131328753,-0.08122192993187968,0.108212013409325,-0.06889079765005972,-0.010463038690962358,0.054664926120515774,-0.13782813989604606,-0.2407937850266598,-0.13446791066211886,-0.12310981734521453,-0.1675135721152215
Frontal_Inf_Tri_R,-0.14764829759767512,-0.0071672354248508595,-0.008181204685393595,0.03989565348594502,0.1894980466980212,0.18637164495591152,0.016085545901978172,0.25266363026188804,0.009305301245714642,0.1505952086421251,0.18543961460093958,0.6815152323927842,0.21650651818418093,0.0,0.0647354934567921,0.23276884177415255,0.0756231237160446,0.32454188305911436,-0.12575378956420544,-0.20017904007920895,0.12602358322092108,0.16221993160829226,0.047265533812990965,0.05149957305742501,0.22391553658369004,0.29478305587544007,0.08699149714944382,0.15462064849260632,0.13501070927604547,0.24535316109142927,0.21138509042954318,0.32274494524824543,-0.05478314005527477,0.019266139689971647,0.08161047424469603,0.14003814671370465,-0.025200389720913884,0.07314797282444528,-0.07269261515776444,0.02628714111464698,0.00809794143948151,-0.010405386536457006,0.07433541993527981,0.061479122295680935,0.030748740366845755,0.04322041633345862,0.015780090778494096,0.06464338660993127,0.03890470975753659,0.11120426861117706,0.14921396530787367,0.18656784347729916,0.07790764827909878,0.09500572376323435,0.04224792019244693,0.07250342666198137,-0.079508319044564,0.05938689574828039,0.01659301893031561,0.0370560764991787,-0.02242256364458956,0.030243142601899475,0.0489158726925924,0.21150449704109744,0.09307510114416523,0.1507080327158651,0.04720897754848678,0.03659635559819468,-0.18119715046207074,-0.15512831725297846,0.03485566066451216,0.1916341492253966,-0.06908600399312494,-0.011725880839361323,0.17222336212040676,0.11226095242023154,0.06247085595422371,0.08543383332378687,0.044710229267963204,-0.0008426323973007003,-0.0007000660074828331,0.39825572453958363,0.029508541907830397,0.21706351506894395,0.14570992912696848,0.35643328134642804,-0.03196494838319778,-0.03481451813934553,-0.022179814121210444,0.11579130331569555,-0.02900880825923066,0.018649621281021437,0.034178683321762764,0.033533155171677535,-0.010181451653334218,-0.010852198636538813,0.014578580083449855,0.04638100761448566,-0.046464217007907746,-0.05931759664387829,-0.059491691434273936,0.056608956902271024,-0.09786129465699163,-0.06272313888871986,-0.06614968379099762,-0.10632062966672935,-0.1930381910475123,0.003718025990906578,-0.016871839785620135,-0.024913780240375844,0.023348994451140935,-0.15413181255700853,-0.11438611497975816,-0.026724951084958558,-0.09265408886780578,-0.07556023993293323
Frontal_Inf_Orb_L,-0.18165327710441367,0.05352596750911886,0.12687982005214019,-0.0028214830751601195,0.5416478875261626,0.4944833018770816,0.2576912571509881,0.09023361988056783,0.6582474153859005,0.5273933862384007,0.18600413566014176,-0.06711166807001953,0.2762426722632655,0.0647354934567921,0.0,0.6209096566650473,0.15388122028472656,-0.09191053448838046,-0.14117838549879966,-0.1982036386190751,0.3847679593354299,0.5656028773308044,0.129027362733946,0.016896052119312898,0.3867792715021955,0.45718931398859464,0.33278526125410973,0.6310586762932566,0.4546654169811107,0.28735006576779526,0.31512603993326455,0.3108911040662713,-0.22996031676730203,-0.15666501205675537,-0.06252382535175383,-0.16860847298816434,0.5214194753957121,0.5388034832064872,0.3068724211824585,0.43923443040548765,0.6148539263185572,0.5312889003240285,0.29220404648842435,0.0164961770910775,-0.23713339756798932,-0.28797020796272543,0.16689759401622492,0.082896783035286,-0.17906089460556968,-0.3205253645999207,-0.03406703476854598,-0.2314108845775368,0.45548499185909597,0.42679820021174525,0.3268778673867326,0.3119236262787115,-0.0372993719073954,0.16671565242356834,-0.2494623132757124,-0.034050687406304306,-0.2549495731893792,-0.05317185040785765,-0.03210144027061419,0.0030320831631299077,-0.039495530589371025,-0.1897167357061954,-0.16765921025230746,-0.27379598906185515,-0.06666897714110406,0.06992995444556077,0.37979689875239325,0.4692492012792018,0.5264273511382523,0.4638102091918116,0.38480216471634116,0.5030451248838637,0.12342986533310993,0.19563791057320631,0.2572718656974688,0.24867449207000247,0.20446159530660454,0.028414872635962596,0.5414141274067625,0.1238801716998394,0.4837963437654757,0.3170459156852492,0.2925352615669505,0.3436558019653187,0.4775594650847265,0.5321132405293783,0.32468750317540307,0.40937216284551725,0.27083006483416305,0.37992438794083266,0.44327293487135594,0.3927111789102697,0.4740195469495022,0.20797113381427695,0.42796392549220813,0.15117448883550597,0.2704148785516514,0.19991922501050868,0.11154167013779985,0.05364619479460478,-0.03461675239980926,0.1535480232558674,-0.025367482080468847,0.3319847932557239,0.2765386211438504,0.28429580801298576,0.22425961064498393,0.2809282669782817,0.3472006347425448,0.4523802855507642,0.3247042907144999,0.1531335969274386
Frontal_Inf_Orb_R,-0.27796589910364927,-0.02782974093769834,0.08634097156941585,0.001692897750530119,0.6329453729960103,0.6650311569787213,0.15735793426151487,0.1366016163760283,0.43678562026937867,0.7174653851436176,0.03877733154440633,0.08125971867376228,0.11129752932321423,0.23276884177415255,0.6209096566650473,0.0,-0.10548599087826271,-0.11016039973439085,-0.18997893663472107,-0.317092504507893,0.3370805152632453,0.579856348582891,0.14244419293934957,-0.04748914099654815,0.37523533301720113,0.5997848537769962,0.3904539452987849,0.5437096854518259,0.22695305666946816,0.35916587145223,0.29731248821254014,0.3512126250314477,-0.2838081396313733,-0.22522078845166696,-0.13901373687762808,-0.17789011895267584,0.35546156909261756,0.6439149019864144,0.1100298404630339,0.5590498845815886,0.5778482210741979,0.5956903440695006,0.2886636576850363,0.033500409564628096,-0.259514830685349,-0.29104188120215957,0.039130757298456456,0.12475086557106167,-0.2005684482705799,-0.35721948917991386,-0.07464825943065623,-0.23738248153132463,0.4537278386567501,0.6335145762094182,0.1254169263589654,0.35303791736681883,-0.07241922776694869,0.07070768722443482,-0.2003775321766612,-0.10634160762946315,-0.30936246189996136,-0.06974143650985969,-0.1602013703275702,-0.019468787180136757,-0.20484491563745297,-0.2649022090832922,-0.2276835317773792,-0.3130147449123939,-0.12283039647897553,-0.08598924154585563,0.3850006048174677,0.5898655841656706,0.5537238698993772,0.5792679068740433,0.41911674359075873,0.6126217011577875,0.06133644229021963,0.22423045586322102,0.21628224393073522,0.4285239925072366,-0.009146259400577547,0.16859879436006064,0.2843103013448904,0.36438532035618504,0.22709950793543093,0.5611393125606593,0.10634223400206193,0.4290625857546649,0.28723954470907326,0.660642301970457,0.23894732544225142,0.49750063479987666,0.21466629549373398,0.3910561031534985,0.4221097781411736,0.40260846100276504,0.3849867010510808,0.26083218995406354,0.37510353880977065,0.2775101641205469,0.20602871988471427,0.189978104730425,-0.01788377925814216,0.006459761790409467,-0.08896823270090821,0.14507461701010765,0.01948641025375098,0.4901079978405023,0.3288726794363212,0.2566236224721631,0.2097578393131426,0.2692365111868504,0.3243101914594965,0.4518075439178984,0.32374532048982463,0.18072777267560564
