,Precentral_L,Precentral_R,Frontal_Sup_L,Frontal_Sup_R,Frontal_Sup_Orb_L,Frontal_Sup_Orb_R,Frontal_Mid_L,Frontal_Mid_R,Frontal_Mid_Orb_L,Frontal_Mid_Orb_R,Frontal_Inf_Oper_L,Frontal_Inf_Oper_R,Frontal_Inf_Tri_L,Frontal_Inf_Tri_R,Frontal_Inf_Orb_L,Frontal_Inf_Orb_R,Rolandic_Oper_L,Rolandic_Oper_R,Supp_Motor_Area_L,Supp_Motor_Area_R,Olfactory_L,Olfactory_R,Frontal_Sup_Medial_L,Frontal_Sup_Medial_R,Frontal_Med_Orb_L,Frontal_Med_Orb_R,Rectus_L,Rectus_R,Insula_L,Insula_R,Cingulum_Ant_L,Cingulum_Ant_R,Cingulum_Mid_L,Cingulum_Mid_R,Cingulum_Post_L,Cingulum_Post_R,Hippocampus_L,Hippocampus_R,ParaHippocampal_L,ParaHippocampal_R,Amygdala_L,Amygdala_R,Calcarine_L,Calcarine_R,Cuneus_L,Cuneus_R,Lingual_L,Lingual_R,Occipital_Sup_L,Occipital_Sup_R,Occipital_Mid_L,Occipital_Mid_R,Occipital_Inf_L,Occipital_Inf_R,Fusiform_L,Fusiform_R,Postcentral_L,Postcentral_R,Parietal_Sup_L,Parietal_Sup_R,Parietal_Inf_L,Parietal_Inf_R,SupraMarginal_L,SupraMarginal_R,Angular_L,Angular_R,Precuneus_L,Precuneus_R,Paracentral_Lobule_L,Paracentral_Lobule_R,Caudate_L,Caudate_R,Putamen_L,Putamen_R,Pallidum_L,Pallidum_R,Thalamus_L,Thalamus_R,Heschl_L,Heschl_R,Temporal_Sup_L,Temporal_Sup_R,Temporal_Pole_Sup_L,Temporal_Pole_Sup_R,Temporal_Mid_L,Temporal_Mid_R,Temporal_Pole_Mid_L,Temporal_Pole_Mid_R,Temporal_Inf_L,Temporal_Inf_R,Cerebelum_Crus1_L,Cerebelum_Crus1_R,Cerebelum_Crus2_L,Cerebelum_Crus2_R,Cerebelum_3_L,Cerebelum_3_R,Cerebelum_4_5_L,Cerebelum_4_5_R,Cerebelum_6_L,Cerebelum_6_R,Cerebelum_7b_L,Cerebelum_7b_R,Cerebelum_8_L,Cerebelum_8_R,Cerebelum_9_L,Cerebelum_9_R,Cerebelum_10_L,Cerebelum_10_R,Vermis_1_2,Vermis_3,Vermis_4_5,Vermis_6,Vermis_7,Vermis_8,Vermis_9,Vermis_10
Precentral_L,0.0,0.5766669442958376,0.10556942837683322,0.15060548340952484,0.030004699677204018,-0.011765239102602984,0.18330360067544182,0.06809819269987102,0.11196541013520928,-0.0635502734035742,0.3754429079548706,0.35168661800575174,0.1269853929062135,0.07866335055316194,0.032066976331357674,-0.0625804451210759,-0.022405612364939216,0.10254712933511738,0.49077042228968587,0.4598453606369643,-0.24611088271091325,0.03328058848196055,0.07392413770694524,0.04039903710811476,0.05040520714337775,-0.047553663022285954,0.10005609745239732,-0.07321748284911432,0.10749054050703778,0.06217508494879778,-0.09312341260817042,-0.09160423168175408,0.45162664484900306,0.4044516106857597,0.1605566726419692,0.07301630410072847,-0.07469473845132558,-0.1711864962751415,-0.022101731132860115,0.08880838067077215,-0.22987654151775389,0.06680842339298951,-0.04092836800765748,0.2194121551974777,0.25214964975403914,0.3090107971952886,0.12325368191021135,0.1697553878301303,0.32462019956427884,0.3518190916999963,0.4245599384962045,0.3832553339772607,-0.13392086521184612,-0.11379884958764314,0.04320453807003842,0.02600320941051136,0.6037691254302643,0.5487637092836298,0.41413677273449756,0.36482635748551906,0.3575158905403799,0.16012797507011042,0.42169803723893057,0.4377101665267688,0.18781066528489113,0.15346135742897257,0.26825049406881946,0.2180493060395736,0.21750166541616361,0.10105652613624887,0.32200160809641004,0.1570256647804326,0.19449727963080168,0.2706449301436354,0.18792846573795388,0.12584045382610445,0.31795873037449635,0.31772753191360276,0.17003450470570367,0.07149275913181873,0.12681802240611936,0.05430107360006867,0.16509453986897613,0.13532347366884803,0.0837280314444131,0.06278886834311288,-0.08723547165310368,0.05607454328397421,-0.11252961814160167,-0.1535346078549801,-0.19717643366082632,-0.1622178502389662,-0.1954043503570677,-0.23209530488689356,-0.18070884172372453,-0.2635050385980763,0.013720828728819792,0.06878623960215094,-0.0320932395950022,-0.06389611537201922,0.08178765744456391,-0.024250782749182718,0.05945583871003177,0.07660320640267758,0.11504172192900698,-0.09139517887302982,0.2590988593335202,0.205215606695615,0.16074700874005454,-0.15018836069702143,-0.15256041614871566,-0.049627185076428895,-0.14135324889405754,-0.14209288981690318,0.23661229365176734,-0.14860733857179909
Precentral_R,0.5766669442958376,0.0,0.04579765222885518,0.3260851548702058,-0.022803687468946395,-0.03880507602285274,0.1567380332859937,0.23989099765893562,0.09718444883317881,-0.05497333075300349,0.2889573595522009,0.3004198678644534,0.006990791615377094,0.013409746932816947,0.0977165159050204,-0.03435458343270443,-0.1361627696746563,0.08417572805342802,0.31594970089376123,0.3600449646619543,-0.2491599806829535,0.035996200670999685,0.120444084931465,0.14687675946541803,0.09106361988873489,0.0464894107052113,0.0006537728932935436,-0.024863993168956787,0.014702064676544013,0.015684824131811506,-0.024978690021038776,-0.032343778032161555,0.4763305808133493,0.417038410799089,0.2848257340437204,0.08561989886531304,-0.06288165697442344,-0.23264140833685681,0.013450972322408215,0.05920918366636669,-0.33364893827077147,-0.0758847673210817,-0.07852834949701452,0.16081131112621827,0.22808038259428745,0.26533808474628645,0.05156152289826968,0.08009700787638088,0.28114980668332606,0.33974078023360743,0.37348755854887683,0.4209509799803888,-0.1301635613725402,-0.147464459154051,0.052145237641347354,-0.05229678283456316,0.5224122309590676,0.7174998525983162,0.37502342841479297,0.4622222164320581,0.26953117900272666,0.15340899970153707,0.27594925683318033,0.4267252979389568,0.18570560188994586,0.23116552109520191,0.3567054448544571,0.21798079414293411,0.20109246253892066,0.2198830621451074,0.31930234879197716,0.18123580856607568,0.047534983410222165,0.13647039655056145,0.13359778035651695,0.016299247139399696,0.2710803789748028,0.33735616387056416,0.13654378107922654,0.04069927213640053,0.0482066376655963,-0.04121689640026154,0.11506314637636894,0.12663168544771305,0.010307658641311019,0.113999732090043,-0.19879754048447448,0.16785395978089293,-0.12852336353543356,-0.24949805693435465,-0.24979085239288382,-0.2344062840555818,-0.2587154993765371,-0.2642769782535521,-0.1921870255107704,-0.25446937578280154,0.16309568999256993,0.14490080753198029,-0.030127616596395398,-0.07885902485541825,0.15099921202136138,-0.10147738565213424,0.06729483635228732,-0.002890601715284713,0.11749878996890421,-0.226687092098678,0.4274008132583844,0.36629716391596717,0.1281090138086846,-0.04714126758712531,-0.06922354415010068,-0.143301329570996,-0.2204568020307464,-0.18846585257893392,0.24034003217430738,-0.26182449129247803
Frontal_Sup_L,0.10556942837683322,0.04579765222885518,0.0,0.5075038287634158,0.07292529670091472,0.1368632361102803,0.5741209258556716,0.2808243308997271,0.12777395932143146,0.14243656575084068,-0.1986967740491557,0.007996494760353114,0.03419526214124039,0.043878204489634455,0.0769239122210579,0.2638649467661651,-0.11387010826090291,-0.1514591147497076,0.32813160996453056,0.15451187747017706,0.064679113994462,0.1817789999044559,0.47057509339852527,0.4598206763308544,0.10451042040298339,0.14184534526481138,0.06211006161525352,0.10124149862594921,-0.06160608810176915,-0.07107886788526134,0.43185492774438394,0.300994640087402,0.1274526355880976,0.04245229997434263,0.0015217448520963247,-0.09322139187869934,0.1557096442314174,0.15978016242480753,-0.1787623670722563,0.08065042197326876,0.17755884581230255,0.18148267584715097,-0.15806706145791938,-0.2860595176423526,-0.05524583699581128,-0.016536128910702573,-0.07116313188249052,-0.08932165517572094,-0.009846647258227474,-0.1462279492252607,-0.07488759979222535,-0.11830075870915434,0.06995305629975217,0.020050979657768416,0.01890795626084165,-0.15870384723752448,-0.08776935362312359,-0.18029406612368173,-0.12409437125097235,-0.2014769083442309,-0.14572914265241269,0.00832507605053082,-0.19140384691767787,-0.1153256869923279,0.21272842775662348,0.16663284128800482,0.012060350120823519,0.002892873238773765,0.32664351615244136,-0.07979665606976993,0.16910026145147064,0.1980601408261968,0.17773510974369555,0.16156350355454685,-0.17117807782834119,-0.18124397655040259,-0.11090806941450207,-0.008932978042707184,-0.11099160109820981,-0.1454180506533543,-0.12673700624643197,-0.08719332840528017,-0.04923765868737191,-0.15067490496469635,0.09229998708302231,0.07929772008168917,-0.023381084053315123,0.13756355524039002,0.11278305700645218,0.09444224362825565,0.07459257034267278,0.06884348718471342,0.07454776609439229,0.11336970630240274,0.08140856573592326,0.04523588257026694,0.07101848156129374,0.01268163403037047,-0.07541344292346769,0.020649486126115585,0.15301740472803516,0.0863516232370116,0.07760122736123123,0.23054744029403118,-0.07208043664950194,0.08872453968755743,0.06723028822308418,-0.02044448011941089,0.005081563842318828,0.1400446282175901,0.027018640097298898,-0.07473003016284402,0.1446578542350982,0.07286508295611961,0.013350351017642748,-0.09683272605649676
Frontal_Sup_R,0.15060548340952484,0.3260851548702058,0.5075038287634158,0.0,0.2690704765948304,0.33245993462416795,0.6107344391487919,0.6063599371032072,0.3893356336521267,0.3402647855510524,-0.14684513754372389,0.17642168333496827,0.12108101274609977,0.2401815114536774,0.28811093744930827,0.3586614356749758,-0.05851140672088302,-0.014442916546182495,0.24192454467566404,0.2106836731226863,0.19048797488963792,0.07526869692064166,0.653183311153645,0.6917098874325737,0.16038326384621454,0.23258527649163668,0.1362097350649847,0.10503112645124847,-0.1788216502014146,-0.0422257459488435,0.42093996722415594,0.41421382548583113,0.1946832815432248,0.21579633488333153,0.21208621403759803,0.14951045312445965,0.28829652789782645,0.1617941713154341,-0.07059725370306609,0.14040391654391549,0.12903471538759434,0.16289929064584763,0.0043093479072872564,-0.1508680030008344,0.01753682543889755,0.06674084254477322,0.13121536453094568,0.1114677694905971,0.001232541988274247,0.047343918297662796,0.08177516448807455,0.20101079708779776,0.13119359531158029,0.09059681567695597,0.19624951640192012,-0.11939658372647206,-0.05760123207922033,0.13944161217635018,-0.07966044614877117,0.14006007048830046,-0.045858222386956124,0.2700140725337716,-0.19682719802876267,0.055268957243852564,0.3671970582705953,0.443728761571667,0.12900037215794813,0.046656648102144066,0.058315963700779454,-0.05922753455743793,0.29777199388629927,0.4050896253649654,0.1509233073364721,0.17617309458975183,-0.09625610740173456,-0.1689519469355078,-0.02696369675271221,0.21909948233565726,0.09567515773484876,0.1732033649070029,0.05953301767647035,0.023897952405503672,0.06352709388490614,-0.0626716212855454,0.25979520710800325,0.37201446815442774,-0.16754104976935533,0.34310433117488304,0.18120429161408452,0.045948826668044306,0.05301278214873673,0.017402862615749984,-0.0026435590601347793,0.014573701052046962,0.009535399385401166,0.0033904270568947785,0.08211684616996762,-0.044423003461635545,0.040132315684559196,-0.021282560427728518,0.26953492310593374,-0.07834507176242363,0.20733265238268128,0.13010571910386778,-0.04760286472757292,-0.042835623422250994,0.2521179100563851,0.15374545624841085,-0.018016389641866293,0.041434894435870014,-0.10611886814086102,-0.17129406119081836,0.017101837112689637,-0.031488166926200586,0.026296948860577624,-0.22876442552311888
Frontal_Sup_Orb_L,0.030004699677204018,-0.022803687468946395,0.07292529670091472,0.2690704765948304,0.0,0.4077327195584654,0.22370115544113653,0.1756054026715216,0.4936347744918378,0.3679099113585121,-0.12557636534239905,0.042715689583192565,0.0977740886874443,0.17193687048784362,0.3825109604677697,0.2380522209976599,0.03404929458900298,-0.004401148413313496,-0.04417085268830224,-0.07362909462102875,0.15774588681217794,0.10048440279538294,0.2857773762746096,0.2475851777815497,0.143408400771798,0.16362976602833196,0.27477575280783334,0.19996249056305573,-0.09954271147726775,0.05073482950806938,0.09929735674269212,0.06957511151677429,-0.01896941022196019,-0.05202203809898625,0.0676251269227962,0.151334421611773,0.28440520169075834,0.22817300639224783,-0.044154526607671545,0.06173349959157012,0.2789974130817962,0.19239063375174206,0.20542188431205738,-0.021661526839089812,0.06422875588462687,0.059414294119171034,0.2095470030124932,0.1196263442716116,0.0777954140650799,0.016478036982101218,0.054381232433417574,0.11272848504837805,0.15155681859360218,0.13957994976227697,0.2775801602550519,0.06720633269045459,-0.011601928356818112,-0.004606445491848766,-0.002612826151180524,0.09113716792369773,0.036385147309408276,0.17399024642482258,-0.06084365486404112,-0.056166871253974154,0.22814446678905803,0.2504944044251334,0.14006279927778392,0.09668827741925592,-0.026278045603502415,-0.030800477277916325,0.1692109876555277,0.2000485165727622,-2.48750610488797e-05,-0.007620085450663164,0.003988178086473595,-0.039505429511504576,-0.008807714523891367,0.07321224594956989,0.0821389395615468,0.16339095575930543,0.056858046337306005,0.11847654528992739,0.17639556900729084,0.10181406195725698,0.20511739638282944,0.28290079578781446,0.01735909799020599,0.1552285152123414,0.2504123494058158,0.1691447328228607,0.15406027841578218,0.1063184017708489,0.07837234055595138,0.05551110317164868,0.026906021955212675,0.026349685248563584,0.04960604188173688,0.07689937709564264,0.13164443427870548,0.05819382051193181,0.13734087233954895,-0.03127938038083973,0.16562576864316475,0.08009696665376234,0.07630029639585519,0.07747672779851675,0.006692678552213377,0.02253363019520632,-0.05617346379829514,-0.03045361145619724,0.017746749159510272,-0.010947125131283503,0.10964405439028514,0.07084151165658455,0.009034684451845099,-0.056361584449140835
Frontal_Sup_Orb_R,-0.011765239102602984,-0.03880507602285274,0.1368632361102803,0.33245993462416795,0.4077327195584654,0.0,0.11280857316871237,0.11068572869595376,0.2811164122066795,0.5314718498472085,-0.08941877674669486,-0.036436881324527486,-0.061386519479851,0.19362562117704143,0.23094638592065497,0.46799657206847467,0.06709160899184156,0.04748642809862934,0.051971479986616484,0.06862333082291268,0.3957619131641895,0.3486704448249926,0.21029730070948516,0.31915598178363197,0.05960470868111915,0.28672733142277274,0.29744125243445696,0.3185435218638401,-0.09080925962679741,0.25965173852168955,0.13665122406768354,0.19086060534157268,-0.2202809023117464,-0.09574556315027508,-0.1601155371809641,0.0870167581420546,0.3053875854371177,0.33951222917628837,-0.07347646677838864,0.11324438223319076,0.34544216846073794,0.24499805209896056,0.15054182992000784,-0.14019064601534048,-0.08817523290894184,-0.018795339048529414,0.1252726920860502,0.13610439773520144,-0.00992637222471283,-0.10518745609706397,-0.012126848660052949,-0.004923730452013066,0.24409591480601614,0.17644788559083588,0.15984589832129678,-0.051040195915936185,-0.14787981465153455,-0.0664363677513169,-0.18358295367949395,-0.05410309790791969,-0.22070079174962814,0.03973509618397722,-0.14118699400857052,-0.10700965364184703,0.028559411013041748,0.06811673566147279,-0.04883363009167006,-0.07842523947748785,-0.1033871733741351,-0.011743037931782802,0.027731828070941718,0.2958065795006262,0.19511733008077223,0.14408607082720515,-0.09628038786139219,-0.08760346100374919,-0.02644520339819522,0.012761311679318136,0.14479643190699001,0.25997360498619015,0.1104846785550027,0.013193898653742726,0.1386259356931228,-0.007504571307516598,0.19602201512032771,0.3341938755150196,0.04922140976433572,0.2913749976423609,0.22486557564167273,0.26913973659722457,0.14135413588107326,0.09324775137901889,0.043608137358702705,0.04364055869094266,0.10428458960117024,0.196896142901433,-0.05828931702833561,-0.17877608688525656,-0.07035055058641135,-0.0999981433196469,0.1987954511753187,-0.06176564132122867,0.1938679891454999,0.10390948991914012,-0.10791017975193162,-0.01836049242330382,-0.009191100378656674,0.007575053017817178,-0.16054287614957066,0.027811071284077168,-0.00435117356889246,-0.0440800066827297,0.1475538217190925,0.009385226197542418,0.03719810234970643,-0.06162270028802574
Frontal_Mid_L,0.18330360067544182,0.1567380332859937,0.5741209258556716,0.6107344391487919,0.22370115544113653,0.11280857316871237,0.0,0.47950319235263156,0.3906890265442808,0.16614915726939625,-0.028903620714628122,0.16804607645787623,0.2652646893910144,0.2030228735387348,0.2368434427947494,0.18035109381106385,-0.03129570589308475,0.06788690358169026,0.18436572334967535,0.10897176245915102,0.007095773863957938,0.061045371333066215,0.6576499126233533,0.5346953845271407,0.12599973574376272,0.1262443916879436,0.08994058598635446,-0.027836142493403403,0.0674159827074615,-0.022950603065817254,0.4435764878895424,0.35445750695112743,0.3551424158162321,0.25460352337258163,0.3188161470025055,0.13532753405562387,0.20349470110601584,0.19807133203508753,-0.0926293806130936,0.18928420554468586,0.15368057642409108,0.18756558235002824,-0.018628323145446744,-0.02656749525284799,0.1529644798665295,0.1592495406498183,0.17684281264577426,0.1909245221011834,0.08530731414628463,0.10902646013800465,0.15211316471475617,0.12483748183832719,0.05144775034068165,0.14849936416851545,0.2007556997822087,0.030655124950237166,0.07082880908781744,-0.01921306659232244,-0.05494875935362525,-0.07482654260586377,0.12511697979609324,0.2124922491403887,0.00981415122317432,0.09142005364014573,0.47640704546574364,0.38480759707115847,0.14280395663345616,0.13302863783900856,0.16827413858382184,-0.15510282881886248,0.3835807387176875,0.2847142936070649,0.2986734116027734,0.26127256322325754,0.002230325381231069,-0.06656905698830917,0.1206529621718117,0.1723655840382019,0.0654864657420312,-0.03805601153451437,0.05153857422149191,0.019261696858211018,0.06362576246716847,-0.12214029470641519,0.3156711532156799,0.24847291619876394,-0.012449028652844064,0.2238486357328079,0.20915291228440244,0.10676056449537814,0.13103521835179407,0.180467566013038,0.13049409684596616,0.12253404929342898,0.09645256042894182,0.04534280286468007,0.18214174487575815,0.1740675341088527,0.10732037444632318,0.14395194374073228,0.1644676639687557,0.08823046139282255,0.15528836665197512,0.20897035310528178,0.04952931265104438,0.04249374809703497,0.1456215028994968,0.04258580799454677,0.12738463669423253,0.16296427542748326,0.0689153901714507,0.04404446162779592,0.14936922781116785,0.08813244743983165,0.05492122710145191,-0.13238615303709098
Frontal_Mid_R,0.06809819269987102,0.23989099765893562,0.2808243308997271,0.6063599371032072,0.1756054026715216,0.11068572869595376,0.47950319235263156,0.0,0.2526053470515973,0.12872958240302726,0.05231543972110596,0.3547065577219871,0.34458946194622003,0.4160839284691768,0.19301089803920177,0.09493673129822681,-0.08981828954033311,-0.03389288629930551,0.17839661040533528,0.09341037204209625,0.030874937461289675,-0.0063445913328346445,0.4896812338265019,0.4472860997672064,0.04684604535657145,0.09331007078934878,0.013205254744159534,-0.022927787265489025,0.10464472971632474,0.08427478436067132,0.3568510217321242,0.31905859023356187,0.3742045592849088,0.44750835891928614,0.30265698927533535,0.14813483188159723,0.12526214708463504,0.04083498760267805,0.00931250811783719,0.13098655445672386,-0.004337084116437532,0.19624447934705075,-0.1882267033763779,-0.06429711326761194,-0.006597652701482669,0.09222395308554343,-0.010586910306902567,0.048803831491976105,-0.09666136065055966,0.2407651873329429,0.01363645170626083,0.21925346477518945,-0.1647829997952426,-0.05034869703340443,0.024028514645094607,-0.03481786459647652,-0.09678429445727757,0.12121561896713119,-0.1410090444219787,0.11694573075916265,0.20756096737015833,0.47617922795190504,-0.02259894381068595,0.2832988108304889,0.2920797691280865,0.45406637638564723,0.06431645646076235,0.06959843425675888,-0.09050299081270438,-0.24419487080396288,0.33507040116512277,0.22409123327207806,0.1896726470542314,0.24333416475777878,-0.07740805513831711,0.06774130853947977,0.15731279382416347,0.3238828928398675,0.20971286233182865,0.1270742266155444,0.1681119776530324,0.061879213211610544,0.13916058794900896,0.11849857181536097,0.1379859889228843,0.2487116269500606,-0.03665829057460848,0.20659681218061007,0.0157747546839088,-0.040715428461324726,-0.06712172423637426,-0.048404611117278964,-0.03080424665137732,-0.03795690436013341,0.08602182062973,-0.07059199747445179,0.130466000605487,0.12649745011042962,-0.01890842254357991,-0.05620706446168832,0.000896686456361275,-0.12303040154331951,-0.011059982667329387,-0.055360609662688125,0.046189140576735226,-0.009012239529576575,0.16329901188162427,0.02367710345407153,0.07775197111011083,0.10521021454951186,0.04529934283489199,0.0011764033112167675,-0.02913081293923184,-0.08203072048205508,0.1359432221904827,-0.060309185967567416
Frontal_Mid_Orb_L,0.11196541013520928,0.09718444883317881,0.12777395932143146,0.3893356336521267,0.4936347744918378,0.2811164122066795,0.3906890265442808,0.2526053470515973,0.0,0.358377691258469,-0.04933404293988883,0.10451549696198892,0.22149912951456943,0.16626036708999756,0.6140671883459838,0.18898800370653449,0.06187093392109124,0.03748445222589303,-0.0023813003039176855,-0.054990465654097785,0.1699886892504621,-0.125255834439537,0.5008782709955348,0.3821503259748332,0.24401738428490624,0.10425592104790103,0.09937562224326116,0.01368833434182262,-0.1549772142884333,-0.10317934610726347,0.15460652419934517,0.15541846727806466,0.07890949879609882,0.059322172207270596,0.18260205362737078,0.18251858423852876,0.3126689690930463,0.020529195864360073,0.019413995637235275,-0.0471637013534012,0.07438244996372435,0.0047112949083585424,0.16927956541872802,-0.03734147087545417,0.03561477109150595,0.17969359206930954,0.3795978376582087,0.19559934675435645,0.1673072650755916,0.13247069222256475,0.1587224519148998,0.18773364074291368,0.22250772648390613,-0.04619689198443746,0.37363536039120715,0.0060096067606740765,0.07384069691902329,0.12188206612596666,0.205169423940118,0.26206299541461175,0.20947478645319925,0.28525486203937334,-0.03364283217429726,0.0745855361528251,0.42209256663733596,0.2932722524096296,0.2075248581472559,0.07236413414141851,0.05676274485652867,-0.032858910290751595,0.19255049289715861,0.15592583491525427,-0.04635122249782529,-0.03686667203976595,0.2548046846962465,0.07146037821113388,0.06582198385133174,0.15251886806964463,0.050930469821629,0.21321535450747542,0.04169388144647683,0.12564481629876773,0.2863974414188424,0.15419088200495332,0.27725866231221385,0.22584474484414072,-0.23676040169876114,0.23580049454520113,0.18523234859931645,-0.034929808329174646,0.08157386263843214,-0.005523325567527507,-0.085803272901733,-0.11578826806366478,-0.08822767770432219,-0.09449971312489373,-0.08096246393995966,0.004574469685023476,0.2126802834942289,0.12426144787849823,0.2205525420575615,-0.19749283199482767,0.3053668487553822,0.08791025970935136,-0.006698147241386048,-0.049581284031735826,0.253521803244408,0.27883178488889504,-0.16172861646736006,-0.1770006396356833,-0.1629409795462655,-0.1416156880367508,-0.07364276495043907,-0.10659879093575662,0.08999452741097666,-0.2448116979020596
Frontal_Mid_Orb_R,-0.0635502734035742,-0.05497333075300349,0.14243656575084068,0.3402647855510524,0.3679099113585121,0.5314718498472085,0.16614915726939625,0.12872958240302726,0.358377691258469,0.0,-0.15003266598238826,0.04964190137111765,-0.0693803694157295,0.187251565211457,0.46499360548205726,0.7454100047430741,0.08415768632089862,0.17686641615035184,0.059852300549736955,0.055449757735765895,0.5102784357491531,0.23961276448425825,0.2684077496428488,0.3842166741387468,-0.04280976641374918,0.11424175203971638,0.2731741994023097,0.2698047536796161,-0.13886134466165465,0.05271349102528377,0.1466892829873923,0.2954093223278353,-0.21924963426767202,-0.05322541191356335,-0.030813514351324855,0.15349822379959013,0.39911360959589415,0.5622909737057911,-0.09540593942130993,0.3403614935036274,0.4984442192038452,0.37118731554725387,0.2353632030000533,-0.033331687907409036,0.03815166290596817,-0.0035228331600738482,0.14677549097398246,0.2328794515766694,0.04863169617429628,-0.05626434019745904,0.08068969487131239,0.023684556019340157,0.355231920707788,0.4041145498754617,0.30480128304535964,0.10768139502949844,-0.11821417859516141,-0.11747599515050354,-0.1938505649037775,-0.15774962063372458,-0.24097642437141997,-0.006684456049720967,-0.07516935915578153,-0.10760393090462525,0.16379366721010652,0.12507691607544322,-0.07675353518321953,-0.17022599825402177,-0.19379234934735623,-0.08407154405826002,0.07744947344626936,0.4718892762678018,0.23603845395294565,0.24011902206691035,-0.18462702850535845,-0.2620858286417432,-0.03246376222343829,0.04111880118419606,0.037424420435788905,0.28275932724672015,0.06543821498118875,0.01712169585717232,-0.03867501181581298,-0.34239457334102125,0.4008871725890296,0.5471992742062398,0.1385711788810378,0.46570889873242743,0.46673151775869953,0.4862756478755276,0.3591226679022203,0.3610847973987076,0.30127626282176484,0.3157386492371143,0.19709842421717344,0.18724052089894347,-0.1549604022384359,-0.23275507092819842,0.07504339453769243,0.07584755297666584,0.3579190085623334,0.1376735372891671,0.291144029165888,0.2904846858825289,-0.040015683063300854,0.22645799423434146,-0.17850168606037303,-0.2170763509942977,0.019367307683921173,0.1564108911137967,-0.1331281917485925,0.018668452875019177,0.27387560914602227,0.2764927037068613,-0.21643180932298917,0.03346724433434351
Frontal_Inf_Oper_L,0.3754429079548706,0.2889573595522009,-0.1986967740491557,-0.14684513754372389,-0.12557636534239905,-0.08941877674669486,-0.028903620714628122,0.05231543972110596,-0.04933404293988883,-0.15003266598238826,0.0,0.45232983957950446,0.3559100991624155,0.22495115792902934,0.13664429185418253,-0.12435517802917631,0.2654896584395795,0.26579587133837584,0.17907253534820178,0.2083532167255369,-0.1168393112277262,0.12857979345977724,-0.10892034169889626,-0.18397149212747513,-0.13831868214266205,-0.202569696242229,0.006760742110624084,-0.10060361363153511,0.4148195672839559,0.3221579453937604,-0.023333795782779745,-0.026451831246135524,0.3001226963414313,0.3813247922096203,0.03884290620917229,0.07803446322138721,0.0022358432163077395,-0.029693938338985724,0.045751574130859465,0.14781184564215744,-0.16020197413220028,0.05260146713000595,0.03780090302276205,0.3419061630130279,0.1749773415132995,0.2664626677035055,0.18150152132935662,0.32530423875871994,0.24941022636371696,0.3228270097496802,0.34208185738140556,0.31991564321416527,-0.08585459436862682,0.014245339877590519,0.007000260521966207,0.1560886746620949,0.3646216487054613,0.30828007515203476,0.09600770824483355,0.1319872985685727,0.28228070590639953,0.055083458512383526,0.6243568981809045,0.5082005415412214,-0.05762698331986489,-0.15438983225629332,-0.015205820954640067,0.056948597480353955,-0.1888406194749744,-0.14433685139499508,0.18887208913580933,0.058106317825791495,0.2934395273815416,0.3251350968563121,0.16455674097613673,0.29848466544905894,0.470825547131177,0.3688208054289192,0.29733898306755796,0.06184859810811629,0.3370935920117596,0.1646338127140142,0.27422394368572633,0.1593268400237473,0.15907642759840562,0.07497459409541656,0.05596362225246233,-0.07667323879059164,-0.05412915748834756,-0.03805076976446277,-0.1256156238677108,-0.01785087173017075,-0.1106314227694662,-0.15279844573943643,0.11955282689126794,-0.10103451551088649,0.06089734424257549,0.16344490189079236,0.02538311710869449,0.06273415387536348,0.039473039117764966,0.05199206048908317,0.10014918838944924,0.04928136703156507,0.09913623185195354,-0.10239204393392812,0.1469311205365759,0.10681880463856279,0.17067788142895254,0.025268751986405547,0.04952148535710021,0.16983733738885948,-0.03757212484815805,-0.0982228060486175,0.20814316377427694,0.05541353449952129
Frontal_Inf_Oper_R,0.35168661800575174,0.3004198678644534,0.007996494760353114,0.17642168333496827,0.042715689583192565,-0.036436881324527486,0.16804607645787623,0.3547065577219871,0.10451549696198892,0.04964190137111765,0.45232983957950446,0.0,0.5327064491587683,0.5325722790559054,0.1728591695204463,0.06790685174465222,0.17047473930345666,0.28959529002504386,0.2710299070268659,0.18629519499489833,-0.15442443745254794,-0.011349325108270329,0.1974021192313444,0.19973714205459128,-0.14996382013079634,-0.13791705095651405,0.17464960289450232,-0.12942458826585643,0.321071175591929,0.2731879312625482,0.12233557409440818,0.17936301783383518,0.2859156594217407,0.3960585425529434,0.15372131020978044,0.11398175375723482,-0.14480274863694453,-0.03906894626954841,0.09174411117034269,0.1994876949140453,-0.16891014900752402,0.1678172368969636,-0.030302195747058617,0.28241336229764785,0.28881223100296666,0.33417604968640935,0.07710376156485331,0.22840322397617996,0.21546885173223632,0.3475838409451853,0.3506560854092451,0.4166106191881652,-0.14323452451507238,0.027948095627447336,0.0006887121525034693,0.10766097280775443,0.22937253600220853,0.21617688997966658,-0.003773857623031523,0.11191998027984795,0.21651385063911718,0.286328764513192,0.46574298258814645,0.5748583673771808,0.20013846909975955,0.2033048776126446,-0.11415654462407931,-0.06637991135429461,-0.21850264975882686,-0.38198423506213447,0.32708912611136237,0.2301714423592267,0.24936304274552185,0.37238264969851764,0.14073457380464865,0.14761415285876997,0.29285625347613115,0.3002586694374359,0.12920789649022726,0.09721188374222034,0.3903970035713964,0.3401345326240744,0.19085561047696467,0.07099967429737128,0.24807487583014826,0.21228235780883692,-0.033282142866805246,0.03730413476746187,-0.09419335082461397,0.04035996234054649,-0.011942548895122569,0.01873289596760082,-0.02371634871539887,-0.08824555096169111,0.03139897577213683,-0.23311081602689424,-0.017303905283274256,0.1136661277582003,0.1927166230435815,0.10028564911156798,0.04523033056329516,-0.02673550272875845,0.08291260113776257,0.11247200971665003,0.1488308073242655,0.05518009097230139,0.12750232619724625,0.013592272025866627,0.2627612801025511,-0.001187305486375782,-0.04987914244283452,0.23516635321416762,-0.012587328263197648,-0.04097738791978939,0.14908429707799797,0.07557820590782675
Frontal_Inf_Tri_L,0.1269853929062135,0.006990791615377094,0.03419526214124039,0.12108101274609977,0.0977740886874443,-0.061386519479851,0.2652646893910144,0.34458946194622003,0.22149912951456943,-0.0693803694157295,0.3559100991624155,0.5327064491587683,0.0,0.5716519475334187,0.24648637639426343,-0.03582770037874002,0.39838197837819045,0.167850705189824,0.13058751570375932,0.07977673412709062,-0.017019966596553127,-0.09095272513868297,0.19468414638772247,0.1814009505246131,0.015032593195909341,-0.14071018646965655,0.014399102466564742,-0.13712833952240036,0.3605923295959709,0.3108368343689109,0.2601141709281054,0.27516235057442195,0.1398433304391217,0.31860869148002496,0.11608994423169237,0.2053779698675276,0.04920597134594337,0.011615723597174174,0.15322687727758774,0.07706153305635638,-0.13069905895336875,0.10576265154812245,0.0716671771743498,0.19653717919299002,0.05530022998930328,0.16395438809679988,0.21132298150706427,0.25985748550963567,0.03842288538577897,0.1822414493679479,0.12121807649252482,0.21342481328978782,-0.047485543387960155,-0.030366240745391314,0.006684612154996941,0.11121087183046886,0.06861173052680807,-0.002910966424336717,-0.05424394051374226,0.05680946981582474,0.24962613933167807,0.30629469869414294,0.34578551197804436,0.3751115890355513,0.2019132525900619,0.14843316818389535,-0.07067662290802827,0.055936897968025694,-0.17366454696508996,-0.26548637294527433,0.1917588435600034,0.08058077191983692,0.18923360946508114,0.19999111029331842,0.25722313405363506,0.25137301004325957,0.3217497271643948,0.2600739255633555,0.29473925534066586,0.2822730117671329,0.5650705496963276,0.4992700037950503,0.3908419900607236,0.3239958017973847,0.3161975497711414,0.06637687071048681,0.012550967547602593,-0.06829050846892028,-0.1254859400179706,-0.06466324973458318,-0.03332023789553525,-0.02805120764146793,-0.05773644568716095,-0.06339138529761482,0.07611364074845285,-0.10254415845423247,-0.04536810550235557,0.11072435036957645,0.2152595776649087,0.1654524449964702,-0.05447145758624322,-0.08751674356395958,0.06889699128927905,-0.022537162496645374,-0.039311216991691655,-0.0179055653636849,0.023721282670450435,0.021492788205039713,0.05650652309433486,-0.12661481117578152,0.05139309398785936,0.17109940298443352,-0.0882888158420426,-0.10693494646492181,0.20160123825639678,0.10668436778101272
Frontal_Inf_Tri_R,0.07866335055316194,0.013409746932816947,0.043878204489634455,0.2401815114536774,0.17193687048784362,0.19362562117704143,0.2030228735387348,0.4160839284691768,0.16626036708999756,0.187251565211457,0.22495115792902934,0.5325722790559054,0.5716519475334187,0.0,0.21547532821177362,0.17587654671562467,0.3110819663871613,0.3229541140627413,0.12183310753143736,0.09650584217540499,0.09045645298157405,0.01679608176763357,0.271181533077771,0.35125098831430174,-0.11807434586157774,0.005534501872535443,0.16719203554704123,-0.060773962662814957,0.30043001216446263,0.30050078751261394,0.27090144126508353,0.44639450012929754,0.07502441035196485,0.2951421738307487,0.051649342224151525,0.3066868475277982,0.07653777680075112,0.1848968631137902,0.19902433360434524,0.2629631397241912,0.004637939774429218,0.3703428217274655,0.11322398256316236,0.27451912432917003,0.19024807970018534,0.2396810116764568,0.13943729848390002,0.28040660458780264,0.07995248506188896,0.20424034956010723,0.1769527408099904,0.25226723938007123,-0.0489196497808819,0.1600091569082276,-0.009033407904210283,0.0359302455938608,-0.0040685338325266145,-0.056030742527359984,-0.2158596705115115,-0.04864502924507656,0.03366603380002754,0.2169448837990299,0.2911760006993567,0.24492332015933024,0.17944418754010202,0.21818109518184248,-0.10592872744663169,-0.007223815657556762,-0.34243376096761663,-0.3258540896696121,0.23870156963194836,0.2921112303871758,0.2961983750866734,0.37475824795954177,0.12974608365606968,0.15795992644044743,0.32275856584169954,0.31433176129325313,0.2873956179350154,0.3122642920025397,0.5220242931363085,0.5536987584732175,0.2781882058950859,0.20899086057170724,0.3957782652481934,0.2775314476240571,0.06505142087075416,0.09539468287124137,-0.042944955589827014,0.11074374142353592,-0.031240457136801836,0.06492690413366585,-0.02038177057797094,-0.0019522353804147206,0.10832441102846939,-0.04795076327819555,-0.050795113172942226,0.052762819373534726,0.16648362002659625,0.0374650730449389,-0.027916508511177076,-0.10582065843100176,0.00934586929850697,-0.005553677908263105,0.015479584650161943,0.0662453403421983,0.0018345247195526823,-0.08264405159428555,0.20406806406474287,-0.01663069041837839,0.020476678238304694,0.21388881764872492,-0.04624520356102291,-0.018133889703582158,0.12621014335749914,0.16571959485101403
Frontal_Inf_Orb_L,0.032066976331357674,0.0977165159050204,0.0769239122210579,0.28811093744930827,0.3825109604677697,0.23094638592065497,0.2368434427947494,0.19301089803920177,0.6140671883459838,0.46499360548205726,0.13664429185418253,0.1728591695204463,0.24648637639426343,0.21547532821177362,0.0,0.4651906884305252,0.17724210967605478,0.1022020771992129,-0.035503350779314366,-0.004189970050531222,0.3152288894017516,0.09299420143711644,0.4034763383470449,0.3465566596074978,0.21616833198719848,0.106060922702538,0.16950966742537976,0.15104245138431704,-0.016964547512128846,0.011782244219341254,0.2915057487311034,0.3477924156631816,0.08058590678418212,0.1577037112508789,0.2393042999997188,0.3099338090649549,0.48783944836207965,0.23530307818524737,0.177381708707362,0.2219632756148484,0.11646872338149249,0.14707220953490194,0.25461449453866786,0.08656608331380106,0.1300221480027705,0.23311682623041474,0.4245683723122216,0.36897250165102974,0.23810101928737448,0.12354426751273698,0.2646259357931848,0.2637419358045169,0.3281245302735342,0.20418088024350117,0.41995322523618334,0.1582169001429623,0.09925741393738345,0.10768458833354728,0.08785369007582904,0.11237022082587886,0.10990141049479446,0.06137513746276877,0.13252018336895519,0.08544366066328372,0.3479621083790428,0.23849626301994492,0.1729677924136325,0.08410254067792636,-0.11103039792238087,-0.08587545132468982,0.3000069769374167,0.3952511273859146,0.09869565762647065,0.10804031984732206,0.12444844249326648,-0.07238572329704468,0.1937083068169331,0.269041909761323,0.17186479252194525,0.28100207763048685,0.21513529118045133,0.20741389931847257,0.2987649036385524,0.0440727937483239,0.5009858557203877,0.4374333568922779,-0.13423376124886405,0.3524348351248277,0.3545200484427149,0.16206690395640452,0.19376258303705257,0.18187216602415177,0.06664171860939476,0.07632925963560747,0.11954846645936254,-0.010948356119232729,0.004043462052383366,0.0796749671759955,0.28716477581170663,0.25460418229644566,0.30407950802903816,-0.001778261821949777,0.37297439677793015,0.23164646655124455,0.07966966170277777,0.0864897942714633,0.1898883362840479,0.18836091495460158,0.0060667235622640205,0.03294154698294661,-0.12589907022416588,0.020998583638309233,0.053820943413364866,0.09887991711269929,0.0014055469514542896,-0.1674706856827392
Frontal_Inf_Orb_R,-0.0625804451210759,-0.03435458343270443,0.2638649467661651,0.3586614356749758,0.2380522209976599,0.46799657206847467,0.18035109381106385,0.09493673129822681,0.18898800370653449,0.7454100047430741,-0.12435517802917631,0.06790685174465222,-0.03582770037874002,0.17587654671562467,0.4651906884305252,0.0,0.05580553412056004,0.03740107760176135,0.11386700046219468,0.14320581833558726,0.49479264203014484,0.3366635181464876,0.27950051132051434,0.42006295025429546,-0.03467175930350058,0.10172863755127161,0.2808920485453015,0.31305548623112434,-0.15451798649822293,0.06873694438856116,0.2142602434331626,0.39236906421397894,-0.1762303476772582,-0.036833972604502135,0.017439531966840185,0.20856675993425827,0.4907947885356663,0.6056489471621663,0.03024994403700212,0.4221461236368776,0.4556644879505225,0.39501326696095884,0.23803398964913586,-0.07255228505183503,0.08695716406133117,0.06886269072239742,0.14984786971189382,0.27973165121560256,0.10609237160853607,-0.09585416403512326,0.1299556679197462,0.0500267578936681,0.4078963101331037,0.46811207244515046,0.3080302215844645,0.08832145393052596,-0.1334178569374116,-0.13542379004240185,-0.2084247046035006,-0.19098242528859946,-0.31447382227811194,-0.11172806670252709,-0.04833064924857366,-0.1343098494666892,0.18759161224269047,0.14892841274272367,-0.050083624632798474,-0.11986812842477508,-0.17818646825930934,-0.1004785689172802,0.14889430284261887,0.57305611591846,0.26333485757682307,0.2669799474305212,-0.295256873028198,-0.3701304768567697,-0.006879546194219026,0.08673234154513972,0.10302673911860513,0.32515306632525676,0.13573482730121061,0.06866369378175952,-0.0129784785403803,-0.3594391130366392,0.5094685707061225,0.5968554163048537,0.09458018277496208,0.4651527626230746,0.5095972949373037,0.48817901372551853,0.32813292844066666,0.36090425720901076,0.3027034538205819,0.367306111234779,0.23250019419889956,0.18388972677769272,-0.06955512515598236,-0.18467392481298447,0.07843955387984784,0.09788297363161845,0.3847143351882159,0.2087919657745911,0.3058623622341681,0.3495650766908464,-0.0627377104923551,0.24137695574189955,-0.10971370049640851,-0.15968778317203364,0.0959678422412955,0.2601576336839929,-0.12787565050561917,0.005538071727300781,0.2950102756693563,0.32349851501262017,-0.25523792544082136,-0.0501654897820128
