,Precentral_L,Precentral_R,Frontal_Sup_L,Frontal_Sup_R,Frontal_Sup_Orb_L,Frontal_Sup_Orb_R,Frontal_Mid_L,Frontal_Mid_R,Frontal_Mid_Orb_L,Frontal_Mid_Orb_R,Frontal_Inf_Oper_L,Frontal_Inf_Oper_R,Frontal_Inf_Tri_L,Frontal_Inf_Tri_R,Frontal_Inf_Orb_L,Frontal_Inf_Orb_R,Rolandic_Oper_L,Rolandic_Oper_R,Supp_Motor_Area_L,Supp_Motor_Area_R,Olfactory_L,Olfactory_R,Frontal_Sup_Medial_L,Frontal_Sup_Medial_R,Frontal_Med_Orb_L,Frontal_Med_Orb_R,Rectus_L,Rectus_R,Insula_L,Insula_R,Cingulum_Ant_L,Cingulum_Ant_R,Cingulum_Mid_L,Cingulum_Mid_R,Cingulum_Post_L,Cingulum_Post_R,Hippocampus_L,Hippocampus_R,ParaHippocampal_L,ParaHippocampal_R,Amygdala_L,Amygdala_R,Calcarine_L,Calcarine_R,Cuneus_L,Cuneus_R,Lingual_L,Lingual_R,Occipital_Sup_L,Occipital_Sup_R,Occipital_Mid_L,Occipital_Mid_R,Occipital_Inf_L,Occipital_Inf_R,Fusiform_L,Fusiform_R,Postcentral_L,Postcentral_R,Parietal_Sup_L,Parietal_Sup_R,Parietal_Inf_L,Parietal_Inf_R,SupraMarginal_L,SupraMarginal_R,Angular_L,Angular_R,Precuneus_L,Precuneus_R,Paracentral_Lobule_L,Paracentral_Lobule_R,Caudate_L,Caudate_R,Putamen_L,Putamen_R,Pallidum_L,Pallidum_R,Thalamus_L,Thalamus_R,Heschl_L,Heschl_R,Temporal_Sup_L,Temporal_Sup_R,Temporal_Pole_Sup_L,Temporal_Pole_Sup_R,Temporal_Mid_L,Temporal_Mid_R,Temporal_Pole_Mid_L,Temporal_Pole_Mid_R,Temporal_Inf_L,Temporal_Inf_R,Cerebelum_Crus1_L,Cerebelum_Crus1_R,Cerebelum_Crus2_L,Cerebelum_Crus2_R,Cerebelum_3_L,Cerebelum_3_R,Cerebelum_4_5_L,Cerebelum_4_5_R,Cerebelum_6_L,Cerebelum_6_R,Cerebelum_7b_L,Cerebelum_7b_R,Cerebelum_8_L,Cerebelum_8_R,Cerebelum_9_L,Cerebelum_9_R,Cerebelum_10_L,Cerebelum_10_R,Vermis_1_2,Vermis_3,Vermis_4_5,Vermis_6,Vermis_7,Vermis_8,Vermis_9,Vermis_10
Precentral_L,0.0,0.823211126990703,0.739476279078905,0.555302703826021,0.25273665074984014,0.278284826700726,0.71290954628154,0.5250047583973898,0.5022872054895152,0.3176808202927113,0.5451547563320444,0.5784590395023917,0.6462046036062039,0.557602250208039,0.5486905387083422,0.5079321030320145,0.531797788808932,0.6985750531367102,0.7739581363229384,0.7383858753057901,-0.04026266080075769,0.045138149973577416,0.6066019532162762,0.4468432758530289,0.216143108343634,0.05972825044360345,-0.0336390817729219,-0.010298123536382148,0.5351209806965316,0.46815577672374964,0.40369113993624706,0.48472446871913427,0.6875486233723921,0.6741932193074094,0.4256331862701521,0.3240545034184563,0.3606403273507074,0.08401536453922331,0.20671471506767475,0.3879084661907211,0.3700017694159704,0.4040074698551577,0.37185631893913423,0.4400018572216184,0.38972251246918055,0.5207961305636094,0.4423664813250096,0.40039151083871055,0.5559034692714314,0.6502571479952368,0.5998117407016162,0.6408105253532393,0.556726875306874,0.4698018228890669,0.53559902375982,0.4727370101025356,0.7727897575781408,0.8113664096581458,0.6848016136503469,0.6857549494080365,0.6868616873164507,0.4580798267261735,0.6528210372597242,0.6971108518437797,0.4125754059003422,0.40918636591001567,0.576392260502656,0.5708266771309396,0.5327732451370072,0.6609176911278706,0.45300862938917746,0.3388305007755588,0.5446495105225964,0.5840666055633944,0.4521469293859663,0.3608281374457141,0.545359194977216,0.5235073263735394,0.3990025261186351,0.5646021418395699,0.5098894242782782,0.6204978387959258,0.391614974706657,0.5019577284991826,0.5805498159887278,0.61061268290931,0.21066655014131117,0.3432170418567879,0.45688317308986354,0.4615018295095293,0.1785307345389995,0.11863161726435553,0.3089657842816157,0.4511493881683309,0.390169132645038,0.3010427606272464,0.23055752745479421,0.4386108929650048,0.45235358102032547,0.5429331428546004,0.4680100192819967,0.38921596357633187,0.5155940410099052,0.5045829301511843,0.3853989865998542,0.45643792313071035,0.4471903138685848,0.4103872904317625,0.0021063796542616178,0.34056195511249293,0.1350806973471772,0.11164168943213311,0.39245722856130655,0.4336334888218964,0.22158220360362285,0.11254154174863873
Precentral_R,0.823211126990703,0.0,0.65745070751444,0.5163125835389228,0.19632773464239428,0.292326051417242,0.5725247574840172,0.459592868880652,0.4225721375244327,0.3181608368632849,0.4728641983855681,0.47619842957668346,0.5110572752809388,0.4598924339254524,0.5293298570917487,0.4836388065736613,0.5818251549660953,0.7677213889533728,0.7556632232938357,0.823864126837024,-0.0665085785171533,0.03266293748483161,0.5118708259645244,0.429951199988747,0.22728918600482456,0.03375861252584603,0.007855343070986301,-0.0187232228334117,0.5375620081393694,0.48712274479636497,0.31070652075503635,0.4342741661198268,0.6643166988262371,0.6501253303499067,0.3395562138053416,0.3295946957389943,0.27042112763001225,-0.014986122854044777,0.18531030295834433,0.41446621347876494,0.33806748012298765,0.40079115682754224,0.23569858722504994,0.35897587734246,0.3864554856505293,0.5052384174732,0.394089655660869,0.3303426806817539,0.5315196810296061,0.5471704421796374,0.4612733619603056,0.5192596462087938,0.40946307017653855,0.2910316770509951,0.4950192170938711,0.45767328011280434,0.8268013365788324,0.8796320631895918,0.5474224573602301,0.6204552291145832,0.5705548603024783,0.40783872406859256,0.6822024351112579,0.7521044544975474,0.34949778723831665,0.3171820293894578,0.4360270259576082,0.42644573757543913,0.46390736715226427,0.6106347727435255,0.426620225792908,0.2941784181718509,0.5443102171366226,0.5594644275810801,0.42612854381902254,0.3394254001488032,0.4686119428928332,0.45533757395581537,0.369892432738928,0.5633681850600609,0.4853235423913067,0.6018190324043736,0.4386702809429138,0.5200835876445556,0.4698595619934107,0.5267139994053263,0.17978238554995973,0.33897709921321734,0.3613020818807399,0.38374602489809845,0.04153166694122167,-0.04335028570602399,0.1672261965926158,0.2742734710324528,0.34632319732031863,0.24602016942709828,0.1371943246977743,0.35436379975751636,0.36949816559039184,0.4060947363707051,0.32955034472519457,0.3601428032830394,0.47072306459881347,0.40100155170007695,0.3037174653480364,0.3823300749307049,0.23567218756033748,0.2670510705761304,0.038273766603585814,0.3253471715960041,-0.016051088200695077,0.007953563503464732,0.23062360993730255,0.3716224908301203,0.26317701930732773,0.08027057202511695
Frontal_Sup_L,0.739476279078905,0.65745070751444,0.0,0.6124386181440955,0.4343737490961062,0.19495682476341772,0.7759765290278882,0.4669468570925671,0.6861560261510518,0.4305656886396316,0.43939593362306845,0.33415477623953804,0.5492286648898932,0.37626867180835116,0.6112081735386914,0.5326749576002646,0.409040803923763,0.4977970975802246,0.750229740147866,0.6706868451549184,0.08102054554928013,0.08629141777600563,0.6786141365876276,0.4811570780764677,0.30442776762077783,0.03641572386585663,-0.12170602156914075,0.019895227206391877,0.42860280311761023,0.3572552529370106,0.5134313644552757,0.44718872722780406,0.6421299514673701,0.5949796242000917,0.48012321740386493,0.28982067022284663,0.4031855833031707,0.203056577984355,0.16335573778299156,0.3207096767951275,0.3029367882475876,0.4021153765152292,0.46521618050626545,0.46952380127975024,0.42147993233155,0.47128775464236505,0.4216705059482293,0.4511615264072893,0.56310649040196,0.5726914322588083,0.5348176106700707,0.4689097329362639,0.4211504577754829,0.3249303354857162,0.48853359508619704,0.3794821945673834,0.5919619160904513,0.6724850655959953,0.6253203376655478,0.6460964152237401,0.6231134415467449,0.3698141909194351,0.4935692987174235,0.49511871609445407,0.5023476842459139,0.43525676535369373,0.6847009047875673,0.5883669030624592,0.5756411307177416,0.6544769891095539,0.4751847212561802,0.38269215704221327,0.5164217495411817,0.5455086254616769,0.488838346957815,0.41832319763757037,0.47764721265156534,0.41833952811028036,0.34784277075980724,0.4213924868893698,0.42192923703449065,0.5289982536941835,0.3166498113625334,0.49500886551192863,0.6170195354079476,0.5907543351472332,0.22489244700354852,0.30201111589125695,0.452712041435766,0.45272263631041115,0.2350449342137095,0.2676460953152123,0.3518885719124166,0.4730381345522764,0.41425569214248065,0.4101236774971331,0.30111613574772506,0.4038783563593879,0.4449121306560379,0.5910888690221243,0.42559928985117085,0.2930933646029075,0.3990972338203585,0.382039997073915,0.3661238399316505,0.4496020549405815,0.4234262172235212,0.44584510333459637,0.0467077633118193,0.36277981848272123,0.26541878653647377,0.18033652376374995,0.35423352239722855,0.4092262381777328,0.20667154219869388,0.11127870396745887
Frontal_Sup_R,0.555302703826021,0.5163125835389228,0.6124386181440955,0.0,0.2768962148807687,0.06241771681360968,0.5767924795233963,0.7090849269395182,0.3513252573273372,0.46021698282400153,0.3368861060371423,0.5161224558025531,0.351842967696806,0.4640711096232332,0.46002442150301776,0.5772780226006183,0.36112270649899136,0.38331815631626126,0.6324429874593843,0.6226079651506496,0.009567523960936165,0.03883390713983583,0.6931345250967423,0.7765578639314681,0.1983659457088639,-0.022812444080467367,-0.07867688669217626,-0.1229490687929795,0.3168271550443867,0.3747996163793198,0.43985484714510614,0.5313520649388518,0.5857054969961428,0.625982746007321,0.42678233740492055,0.34846633718717035,0.36420812693299504,0.16874747162626713,0.17897802449693576,0.29228783308032125,0.08217851870615774,0.1343346506387792,0.4055540988043338,0.43359491209343703,0.45780590232387824,0.5460609917965473,0.44976848645486084,0.41044062269890474,0.5068930252077738,0.45478195141513517,0.4370127036188584,0.40320047336739606,0.3304749239918511,0.2754443044493656,0.42394131550631203,0.313582956890467,0.42951805848259383,0.5309968699292745,0.3513808598941846,0.5144798176367467,0.40374283474518524,0.6982539297673298,0.29562101857497064,0.44907384735633105,0.5534148107471015,0.6823338127428026,0.5723653542375603,0.6759612357729486,0.27609645488050133,0.4054245346811026,0.3518632246570272,0.278002406264087,0.4526350417149652,0.42596444469365813,0.36926045399489293,0.38631744903870874,0.3536744397052468,0.40383947132753906,0.30464856508203136,0.36505968067696376,0.40405713373451674,0.4594321064324,0.18161069274247696,0.3178285692026283,0.5000643786976873,0.6385171353506263,0.07165618387269208,0.24340199146269667,0.2819055215001723,0.3062471038578563,0.20572336592128773,0.08775461326980304,0.3752589346495244,0.4057629432859232,0.3599355236462909,0.35995833898054524,0.196743815168845,0.2373487143173357,0.399332832564222,0.36354912088344205,0.33177635769976577,0.22798138377227875,0.28814181881831247,0.29804503383155634,0.3736989000997122,0.2454574852971276,0.3161946262739486,0.22122182769657145,0.0847984950482307,0.31868245267523304,0.2855868323234686,0.18287883480515796,0.23400520184457882,0.3970041348757971,0.24966283470584108,0.1784333533152811
Frontal_Sup_Orb_L,0.25273665074984014,0.19632773464239428,0.4343737490961062,0.2768962148807687,0.0,0.2413757818310031,0.3746591625410256,0.20275281523111535,0.5411261643546524,0.48043744306670244,0.1472491038724838,0.09376758564373651,0.17806493012442087,0.15008658738809016,0.4325129041581911,0.363056666400707,0.20129485881317938,0.16371350606945476,0.3116312040013342,0.20782309900191223,-0.01324060942237673,0.09337373048633987,0.3358011359944282,0.2934783555988441,0.23720458815067597,0.13113409948758026,0.06539961973404548,0.05164931868584372,0.2292885641488884,0.1315729676153519,0.33376241833452136,0.2503627183711888,0.2996832742300792,0.25943657310680146,0.25305408656576794,0.07166164928888713,0.34754917462283547,0.23427552134992094,0.046342815287142874,0.2024280777099358,0.009795807028689435,0.19851522971862517,0.3563697048710471,0.35301763816297443,0.22323022704974213,0.25040603089521873,0.2138282939359828,0.26390806637289627,0.2527202645202434,0.20850817556229628,0.29282469187482224,0.16728974416657597,0.2494612635895698,0.2122411056483291,0.32667014123954696,0.21883163684332316,0.22493689458134988,0.24817287697398538,0.3308247129870973,0.26824739357025723,0.2693021492731896,0.07959219845568408,0.22969546774892552,0.18949825523180144,0.2347526756778843,0.16964668613897904,0.4047309872957293,0.35878634363409817,0.17387434037573504,0.2692215491268823,0.12108668733942948,0.13544345175438413,0.2549262717174834,0.2968756861383791,0.31225589970878376,0.2047936903379577,0.26245277895181207,0.2841369797020247,0.17502787376526988,0.11095777711004712,0.15794250661239978,0.18504178110503647,0.1331579539490744,0.157416644180982,0.2926363583970791,0.29617717468638294,0.18499610245806708,0.3299957778798094,0.38623842440777106,0.35182698497837156,0.2676427271545505,0.30810196177151744,0.31909920547207754,0.32862161768157455,0.28656496937615966,0.27307265155343785,0.19105099789566302,0.23812220620013397,0.27842054785893494,0.32892655631187345,0.22323682245727464,0.21262460011265155,0.24519953878542886,0.17906577214035427,0.2325092728756137,0.22516615185709596,0.09693205982160256,0.24777415778279904,0.18821166570708991,0.25780430087716033,0.1690655989369337,0.17238833803106104,0.2934099682743897,0.42832656365560234,0.09000449105996093,0.190579639319613
Frontal_Sup_Orb_R,0.278284826700726,0.292326051417242,0.19495682476341772,0.06241771681360968,0.2413757818310031,0.0,0.2652836010030418,0.1291039773784574,0.27194014994507654,0.2215981963126378,0.15897136509713725,0.174229394787386,0.3332915706237305,0.28506687526947244,0.2787686345943766,0.2683209756714871,0.20382654714741524,0.23694315384307021,0.17995086416514977,0.215067647915239,0.004650079656182089,-0.04280441978700949,0.16704781017707346,0.14774108282615916,0.14467734134068438,0.2965239830175839,0.0002833396218587349,0.26532053287221236,0.3555437226390439,0.23872700484259599,0.14644652615282705,0.2797332451418315,0.29359204317883053,0.2764259567136118,0.14775893341530505,0.1331489610484814,0.19334629741559622,0.10066392301704166,0.14483102025760516,0.17255537606179433,0.1972992505529857,0.37179739505755327,0.10244092135468665,0.1865034790953347,0.056193791058294695,0.17041705444073452,0.15659067497764326,0.12131675268467725,0.13119172106219124,0.2024690503504202,0.19530507093498997,0.1464609823266308,0.26464837415371295,0.14225677019818359,0.12442322408018285,0.18188741120750954,0.3520802050896227,0.3347020270924285,0.3098154102981282,0.2258300144861829,0.3488917870233113,0.0996984396403547,0.273839717498512,0.2874372508182693,0.09398091491595974,0.050604073835811614,0.13533154943928766,0.1339786057312938,0.1495310292912252,0.1803211077602575,0.045656443839393455,0.024354532089693563,0.24848592629690736,0.27496861485198104,0.19675632248792094,0.16632318349747932,0.2508427281601777,0.21688255784711863,0.14359242494705254,0.19894984254107037,0.2743607987298216,0.24731903447095946,0.23389881262421092,0.231265723417093,0.18676074116589134,0.1858297464320747,0.1019522540082663,0.21282632429924775,0.21698609965584975,0.20768826391291667,-0.0412192473550706,-0.04989308795958897,-0.040369717188103796,0.11835428731752379,0.16758362154295137,0.0393291699813614,0.16570088382201387,0.21450768048165392,0.09688462969983527,0.15605518205828228,0.09598695310800805,0.07767485196459384,0.20926648608289128,0.18404912486844352,0.13465705853684168,0.13055796351821297,0.01997044525397726,0.030912061046972854,-0.05611788568742578,0.1792582158486157,-0.0084975178888808,-0.006001156972809481,0.06882572393097282,0.11890441057851983,0.013384715905580836,0.0959343779031706
Frontal_Mid_L,0.71290954628154,0.5725247574840172,0.7759765290278882,0.5767924795233963,0.3746591625410256,0.2652836010030418,0.0,0.6501575568408979,0.6271574698603664,0.4349669078019934,0.4704461602973559,0.5406290824485926,0.7259883595915986,0.5910035746192013,0.6479412848859529,0.6360524557959448,0.47768828663813523,0.4950381439366061,0.6037785360877042,0.5507072224224668,0.06866474730447476,0.06733981052795006,0.6770355405794065,0.4819135897346944,0.2610031570263729,0.045639888960020795,-0.0769878328744784,0.04299983743783509,0.5053151271220235,0.46367693417978634,0.6364330924933597,0.6115847979482981,0.7269808266259387,0.7059018635888932,0.5426429613292457,0.30845695962543074,0.473440712849746,0.22361073842403875,0.21992164370537456,0.39937203299025503,0.3513454848019933,0.40863864343550166,0.5546687146900747,0.5832056648092929,0.4591941328785016,0.5375961620898584,0.4842261036219864,0.4681040314625377,0.5770530280137334,0.6289428629277692,0.6024845563843437,0.5975503427430081,0.5069067900493296,0.46050068074343203,0.5364386668887907,0.41084239088507407,0.594679867487987,0.6029616843258154,0.6124684199120242,0.5596032434469506,0.7145884195659158,0.5236907936655888,0.5165481361210196,0.581269223980262,0.5443013863029361,0.504363885635064,0.627515693963222,0.6211821338247958,0.3006327464344638,0.4862232518924852,0.5109419685452598,0.3620697973040306,0.5808740493146243,0.643022872348064,0.6156226544869619,0.5562852501947433,0.6624750611005483,0.6070041925060773,0.3986876525802061,0.49820430394855497,0.44767399883555925,0.5236896436016107,0.40972941358219567,0.4353211320369313,0.6388698373008316,0.6206700243794034,0.23095135900461192,0.39757802126656444,0.4769991010866617,0.39799936570157274,0.19824651304423085,0.17489017115680114,0.32098748211926376,0.48988547491648793,0.4225053958569271,0.43477065159825584,0.3272033250234693,0.42155143911504045,0.5349192113650708,0.6493721941365213,0.44679408183030256,0.29053218382490337,0.46473837667015705,0.4425765173299982,0.4255374008866208,0.4387548149917593,0.42751600185643096,0.3627756540051559,0.02154567080205581,0.4137640078563932,0.27648993871881544,0.22119420532423173,0.38894829448681,0.40841106256298376,0.18547622223758314,0.09746770808157709
Frontal_Mid_R,0.5250047583973898,0.459592868880652,0.4669468570925671,0.7090849269395182,0.20275281523111535,0.1291039773784574,0.6501575568408979,0.0,0.35358371585461545,0.45291020025572526,0.31303266036702754,0.6533854458716082,0.4962027007071105,0.6426302950677093,0.447812726826832,0.6127347243469264,0.4101718877878046,0.3571846602634511,0.4949592899253907,0.538679534662145,0.03909710589402222,0.027184473079505167,0.5932461373441873,0.6433514532642907,0.0942854666548235,-0.023472999453631484,-0.12123233826646106,-0.11180325550512903,0.4198419345150156,0.4708834000003181,0.5065922823056749,0.633912811051022,0.5892328239457462,0.6586292970973704,0.3647098069114506,0.3248740198361224,0.36930228230311735,0.14701993594688148,0.07431137182674459,0.3326423454067202,0.2084319745183951,0.13368459188113313,0.3443782574071655,0.3772510106276207,0.3607525938645919,0.5156681819890314,0.42642714305374757,0.3298267617289542,0.46460645723875155,0.44221058102947847,0.40430854672982347,0.47971434873433894,0.39110023093709745,0.4150278925467442,0.4829673705672399,0.35579274702472224,0.4738220701001378,0.46064538547374295,0.272370127527084,0.356913584376265,0.4407021378267022,0.7004284233462783,0.3172095660295866,0.5016292746108852,0.43952156701882644,0.546389792456817,0.3145277416970519,0.4834257803996684,0.07759281373667082,0.3121663091704615,0.35586253559014713,0.23433971373829218,0.46956707045149265,0.4973354764760121,0.46037332850142904,0.47111773829753134,0.5549656971719591,0.6116304081501638,0.2649343672526512,0.37630450750674815,0.34501792907712003,0.39189942775336906,0.2880947417135862,0.2560948986724892,0.37730751197151996,0.500715304041626,0.1900620681067836,0.3310458729507397,0.26219723455086397,0.16318149014159133,0.15462432588476918,-0.008115044123417972,0.2960347811446855,0.35828006289057207,0.32745833290966897,0.31777071543084634,0.16799011318565982,0.2887224385821588,0.48342591098909315,0.3904870217387917,0.37664477943158403,0.2833807211782501,0.3722055500279123,0.33774676815951,0.417867734485541,0.26915776405587505,0.2877983063990568,0.11377981177962707,0.023228050523443438,0.3172896110911913,0.1780048810002752,0.1963647674771103,0.26015798874757534,0.34790095123642933,0.2642707397835741,0.17456808135191929
Frontal_Mid_Orb_L,0.5022872054895152,0.4225721375244327,0.6861560261510518,0.3513252573273372,0.5411261643546524,0.27194014994507654,0.6271574698603664,0.35358371585461545,0.0,0.621087036602191,0.24484859931757444,0.21491832079383982,0.44954207171066174,0.2876616350781285,0.639914517396961,0.518034627436499,0.2957387511522565,0.3344755414077596,0.4779467190127363,0.3681420829218113,0.03929302723821394,-0.028109869266709407,0.5103750003592692,0.3071167596980858,0.27925681953224235,0.07087434960962133,-0.13947117675861898,0.11277718468746387,0.3094801545396405,0.256670792555009,0.47091477565001877,0.40428114425151074,0.4881261781807516,0.4663479992804012,0.37781396754684415,0.17390546775216623,0.36975225426180325,0.22175535823290554,0.2042230030418122,0.27512189687159416,0.22845598940631695,0.3375812652219979,0.40160992117436967,0.41896602525868637,0.3134174080918382,0.4026991044621126,0.35379198627036496,0.3988799416099063,0.48237159992017825,0.49966094999542693,0.4966933978913425,0.4090254437910882,0.43164988812124533,0.3457932702792414,0.4394316363317861,0.36834719666795573,0.4633725568156931,0.46817376860578647,0.5590351404188472,0.4685004011099249,0.5403435707408667,0.2043235887558192,0.351068191368324,0.3483550610194081,0.3564395356186706,0.20952252671244287,0.4963159341851822,0.44673266953868895,0.4023959236560483,0.4700406784232407,0.37327184941806196,0.2944363277565667,0.4585151782465266,0.5063899713399512,0.4395818610912343,0.3331706118339884,0.49771807890099057,0.4370374500580809,0.2356075945952851,0.3365397179212714,0.2901288876592052,0.3588664206657874,0.32733385333709847,0.39922213996709505,0.4786846773524337,0.44527820693913217,0.24377540995324298,0.32916889709275043,0.5025629687370949,0.44399110936558267,0.225357956690954,0.2882835348436209,0.3504088175239256,0.4601575462034048,0.44613087875466895,0.4092644756604287,0.3106775414953303,0.37378227370996947,0.40103329394871057,0.5476845686437681,0.3599580373732819,0.32616321864473335,0.3006540764900019,0.30089675280869743,0.2948949707100574,0.3263616456089879,0.24943702023979972,0.38365957249963406,0.11103765281723245,0.3777622676551158,0.22563995322732144,0.24360120992724524,0.3711359816531588,0.44374140979488563,0.1611574076717057,0.10559672138386962
Frontal_Mid_Orb_R,0.3176808202927113,0.3181608368632849,0.4305656886396316,0.46021698282400153,0.48043744306670244,0.2215981963126378,0.4349669078019934,0.45291020025572526,0.621087036602191,0.0,0.16797580968253595,0.23552888703105695,0.2569164190853242,0.22493842599720515,0.5861639707966795,0.6193404885402232,0.25628076416207873,0.2462354170536452,0.3438778970415197,0.34663117278885536,-0.026089017806761566,0.009067531954289089,0.5045097096605753,0.5140719240928489,0.28194949467811103,0.06598596826166565,-0.16075733556866545,-0.10599071582052298,0.23508329257756694,0.25657314665950987,0.3758434345440778,0.3681008114401724,0.4236729616916379,0.45585021238721646,0.3234688114011767,0.30094006942215495,0.3412584730824989,0.22737821178869352,0.07097661541484511,0.25672361482077344,-0.017671355817775423,0.08319495299731533,0.29807414262425547,0.35276652525124774,0.22948620098495634,0.3012721722649613,0.19267071152817886,0.23231890182201892,0.2409019279619104,0.21866993811571958,0.2669847952292209,0.19840200955167936,0.19247894354793574,0.18403604143075675,0.3203142910210817,0.28043908253637473,0.35835802162186364,0.3192019714916577,0.2099866105844152,0.1872513639147683,0.364398854282935,0.3758592230409243,0.2550008678029752,0.3001504334568868,0.38549596732406,0.33859502842448674,0.26038316465497513,0.3320345433969174,0.1160365775532361,0.28562436682530795,0.19719283927004555,0.14353157453916887,0.3368068448742676,0.37684160642630254,0.24165703102956573,0.25077614382903807,0.4645459988751098,0.4446770714085721,0.16006236145936847,0.26192114970652747,0.1810518686031649,0.20021148412726586,0.26918251755603256,0.22196737603365127,0.329346049651733,0.40047410173109127,0.26633477382791665,0.4512624664519479,0.4695960010238878,0.32752269517857757,0.2002987050261648,0.17247103248262327,0.4078494499509798,0.44355146569394255,0.35999073296467393,0.37041509797103606,0.1684361044414825,0.15798616474327049,0.28182339758618613,0.274111059240983,0.19758983889699352,0.2850660487712928,0.16022535875387375,0.1653853933373337,0.2434914715527029,0.15153971173126352,0.033682452069109164,0.17553932311897213,0.12199578777149764,0.30899604021059857,0.08085036733234946,0.2076424555166855,0.21978892010801265,0.41189308500315003,0.1410608628198157,0.16645863512642328
Frontal_Inf_Oper_L,0.5451547563320444,0.4728641983855681,0.43939593362306845,0.3368861060371423,0.1472491038724838,0.15897136509713725,0.4704461602973559,0.31303266036702754,0.24484859931757444,0.16797580968253595,0.0,0.5626125045229993,0.6527152040149986,0.5302932437501682,0.5162776072266244,0.5055067983689709,0.7034965190304914,0.6153380421955166,0.4018932089540229,0.38754887676741495,0.20997270081970398,0.09638376034937253,0.5210706692078165,0.40714575341157044,0.22159291300708897,-0.004304906240918124,0.06626480195632264,0.0048886267548837875,0.6434216572369369,0.6573990879003643,0.5576327992307171,0.49698203163176446,0.5535927816474981,0.5662733274066424,0.34635312027743187,0.032084942904925313,0.427479648189231,0.1710514764481606,0.27236973033389705,0.4437215727677686,0.31362283067458196,0.37720318851945345,0.46420379400388007,0.46532979628686444,0.46215725106332506,0.4651562833271822,0.513343133559382,0.5178210864560888,0.3729183316045207,0.3028723767007762,0.20537301405166697,0.2577899374852911,0.19580507558908994,0.16107064522241593,0.2940299524894608,0.2758954270033031,0.445170783523285,0.4914823712676794,0.22540521527225474,0.22321320163554464,0.36762636294592266,0.32861265549995683,0.6012868153625923,0.6213067701566528,0.4411467409321835,0.35300546632587465,0.3542343261173706,0.3572719012429549,0.059434543559217526,0.17057368673565304,0.4546857764083642,0.18146398141740325,0.33433984485099416,0.3240612458851702,0.37945314805474084,0.3794778165921794,0.23740407185880838,0.2237242663984392,0.6183323795234736,0.63567053476665,0.6301121676317584,0.6589123135371516,0.23066767690631423,0.426116938481093,0.5931296937263083,0.5881043769595766,-0.014658185220801201,0.31298872082937684,0.2045617636931504,0.22041811883762163,-0.1182124025429079,-0.14219504335625735,0.02657266774698588,0.06538347265271136,0.45189878575993747,0.2933467676754294,0.3743825873332972,0.42933110502281874,0.3107927518112229,0.29776725242857827,0.2228946283191068,-0.032981203896390074,0.30681827233391873,0.2156167894637104,0.3166043638452987,0.154416467704004,0.3008829002803764,0.14189254661287504,0.011817365940919458,0.4617852466782679,0.338297514362454,0.12699217989669334,-0.026088401006995405,0.2055340925379792,0.2034322311632653,-0.020457113490109122
Frontal_Inf_Oper_R,0.5784590395023917,0.47619842957668346,0.33415477623953804,0.5161224558025531,0.09376758564373651,0.174229394787386,0.5406290824485926,0.6533854458716082,0.21491832079383982,0.23552888703105695,0.5626125045229993,0.0,0.6268407024467345,0.8202110374826778,0.4258487597401062,0.5311095577305388,0.6064701584717839,0.5508792705489606,0.43512337107460536,0.45017130117985515,-0.01290521115301198,0.02002454036261726,0.42242253121053086,0.439408809157799,-0.047249092141723126,-0.07893770289329778,-0.09790446575643078,-0.15012581973549427,0.5864588065590592,0.635958537330657,0.5096258948166319,0.5569960552330109,0.5320979142572986,0.5998821539031155,0.2863246293192176,0.07797211169295866,0.3304721683113264,0.060224289318146065,0.237234316219738,0.35839155579147136,0.2319159653457035,0.2948292107198327,0.41046916047430076,0.4360725989377977,0.3201350839347528,0.4492279953909729,0.44754823975723157,0.35441191819383694,0.4125307896351955,0.42332102830302476,0.4131777834215711,0.5016296973233771,0.46957789629106356,0.46984027498381054,0.44753639074856477,0.32518377373655155,0.4637570655993617,0.453370704401682,0.29290986902064653,0.30644900270730147,0.38144023898034235,0.5136416613858118,0.4513402590905238,0.6097412641286493,0.27803018594309675,0.37943868957508364,0.28531177679531394,0.43568479338708654,0.05114917615997579,0.2491469493865828,0.482946133196285,0.31238756988807226,0.5416329739979098,0.5319014727003547,0.4859756705825255,0.48499610874884413,0.4739938482733465,0.5230216778975698,0.46120321820523924,0.5648669638970041,0.49697087320537187,0.5266758042151728,0.22647017639586892,0.26507262493209216,0.4202555722432969,0.5886338671786498,-0.05125401797543431,0.2330887854105045,0.24477735144645915,0.24440872460529917,0.13012179205503446,-0.10114721866648453,0.20450029437357847,0.19983721213779845,0.3659350897503821,0.3070710226544017,0.194958747479665,0.25921091875195984,0.4009902935310816,0.33662873880150007,0.3317955874100512,0.17538713949182314,0.37619052517727053,0.3053095253350651,0.3448268300653432,0.23672506111599942,0.3027542054724911,0.21194981794363857,0.0690096726451635,0.3486523384719057,0.19881923899380033,0.21165692494086646,0.1942044673929005,0.3515184886419561,0.2637725801557417,0.16395177714222012
Frontal_Inf_Tri_L,0.6462046036062039,0.5110572752809388,0.5492286648898932,0.351842967696806,0.17806493012442087,0.3332915706237305,0.7259883595915986,0.4962027007071105,0.44954207171066174,0.2569164190853242,0.6527152040149986,0.6268407024467345,0.0,0.6853305622331914,0.6046001168730619,0.5922465129332551,0.5346668562575067,0.5519658512921889,0.37138677438026735,0.36161301235646104,0.16038898918301622,0.0255361882867164,0.5507372484741213,0.3934001396121847,0.2260077907926682,0.11109844703461103,0.01629628815652786,0.062322027174840304,0.6042044951820787,0.560846947323711,0.5705697124811365,0.5753174121135014,0.5890437405572193,0.6403337304637055,0.39034314833214306,0.20532847763330422,0.4473205159567267,0.2039899621558014,0.3082756713211387,0.40768603938018555,0.48276540799748596,0.4722416067462034,0.40496297923003843,0.4712287638862752,0.3107821717683895,0.41276847612958534,0.46159394203187704,0.41584466439253537,0.37854128246033997,0.5001332444090554,0.46141133610519597,0.5370617833739885,0.4987140308704267,0.4358290842305145,0.3706870289872705,0.3739748329849611,0.5585358686327716,0.5359621229399802,0.44390994683073287,0.3709280387739984,0.6492911563493252,0.4196021717048419,0.47063513966043274,0.580397517747346,0.4501715143063608,0.35477607430121433,0.3531619007957093,0.3845798912546029,0.1510524771423312,0.338239801796766,0.49169651122405195,0.21782931674297532,0.4339804947501137,0.48228209707686276,0.4700646831043669,0.48363090180955987,0.5074541908932424,0.48740585058816216,0.4226647641515165,0.6054023645307502,0.5434899418804207,0.5897056304400651,0.3807210465345158,0.42547177912024653,0.5978813480694752,0.5488189353974842,0.10419928443463722,0.2594110800997279,0.31682121514280015,0.29927945648239596,-0.08039983375500948,-0.1043025050043851,0.007608198983898919,0.2082428544739027,0.39802437778170907,0.28290577908514797,0.2986115270129732,0.4067117029422084,0.33818826088416065,0.4415742778555284,0.3397578458710631,0.12002979359644264,0.3819091625616575,0.3226523200808099,0.3874720395187463,0.3217743356448064,0.35640733937063707,0.2183694357970664,-0.10895871192280414,0.4236033175011313,0.20350702873574655,0.05274116909046075,0.10483565813163201,0.21273363642959353,0.20473485864398266,0.012117001076911724
Frontal_Inf_Tri_R,0.557602250208039,0.4598924339254524,0.37626867180835116,0.4640711096232332,0.15008658738809016,0.28506687526947244,0.5910035746192013,0.6426302950677093,0.2876616350781285,0.22493842599720515,0.5302932437501682,0.8202110374826778,0.6853305622331914,0.0,0.46515721524007475,0.5891487343515427,0.5290360632084093,0.49355057372993183,0.39421110650157554,0.4261569956576501,0.12796009048307483,0.03208598986774484,0.4441089938340061,0.4421385653153552,0.09928706718129163,-0.07028522392096734,-0.0968209083676561,-0.062046892552885105,0.5679284733171028,0.5824201571621884,0.5966641962299175,0.6423810341558703,0.5764728235634975,0.6359468621030222,0.3307667629038966,0.13225507272307013,0.3786987782340529,0.1292106660002156,0.24998082223422283,0.3281273814901262,0.3726810286458265,0.3825763481515539,0.4965836974182498,0.49652808599571413,0.3492470299738554,0.4586068429251278,0.5128976563507966,0.43467617085526483,0.45528447858205695,0.4445464039390876,0.42243966364998076,0.48629305924722893,0.47894451806521554,0.4334364123019024,0.44963702652487464,0.34100081546760835,0.48319695775182914,0.46179518302356903,0.32046439595788573,0.30444394076627385,0.41021908730174184,0.4383939773211145,0.43816850492564424,0.5932149707673459,0.32375249288917224,0.37094072719863624,0.3246871873692648,0.45829426061119644,0.06116705850049115,0.24955124366583178,0.5024585522010646,0.33923095640236156,0.5668393155633414,0.5631918414391243,0.5770026863641602,0.5316062812794372,0.5022552183477227,0.5439853383104722,0.3973648273713027,0.527205746304521,0.501250964223847,0.5589222138696552,0.3035143155808878,0.31519769435411266,0.43989910529829024,0.5715915062211303,0.02529959899427941,0.22192269852986463,0.23048778945974072,0.2611620483372075,0.12031449809603131,-0.10133221885812174,0.21332391354907013,0.21810398721795082,0.30783417460882323,0.29277222683459186,0.26927729944401674,0.35564183437789576,0.43895280445143803,0.42229885669089945,0.45051212198657875,0.1954918597582427,0.4407512269040387,0.3576627113482595,0.34321434133419537,0.27546955724009714,0.3825385282577309,0.2960236333193983,-0.03617747052227644,0.31070968038255864,0.24485552317922799,0.1683749955631548,0.19350523232509456,0.30480064274595725,0.21736522078494233,0.08666355644446708
Frontal_Inf_Orb_L,0.5486905387083422,0.5293298570917487,0.6112081735386914,0.46002442150301776,0.4325129041581911,0.2787686345943766,0.6479412848859529,0.447812726826832,0.639914517396961,0.5861639707966795,0.5162776072266244,0.4258487597401062,0.6046001168730619,0.46515721524007475,0.0,0.8187788771181009,0.536677925112649,0.5513094820355192,0.4591327479667388,0.49053247056689664,0.25239580463590816,0.016427977447341233,0.6352588807820794,0.5546108801149889,0.48067109025686783,0.1277278246657962,-0.06238098096236483,0.09024306448392001,0.5844872528864965,0.5762829144744377,0.5816854295620044,0.5609618501217363,0.6311090835022158,0.6179179062775639,0.45234334721769026,0.2920824573244845,0.5777537834769333,0.36363137586868055,0.281070917425802,0.46236278402490544,0.3864919543803197,0.4320732150225597,0.4286444673898936,0.4989591759679711,0.4229432553405151,0.5227598520231272,0.5353876584378539,0.5048666974709745,0.46491256165559064,0.4377635858616346,0.38621526348848706,0.3727836777997772,0.3172211379700677,0.22626881524224235,0.45314629411031904,0.50583151733585,0.5458321083726151,0.5595140690555825,0.38414896035144275,0.3296379428320647,0.5161825410295933,0.36370739165716653,0.5455100833935376,0.5995589393993207,0.5124676988697223,0.3758663340703191,0.3963273795910752,0.44130806072633477,0.1494294087572381,0.3216133314365864,0.36420811495968397,0.20366208890264814,0.5303391074186373,0.5619078731393223,0.45497697470478815,0.48470372975127,0.4742940696722198,0.4651764738481087,0.39603895055780186,0.5155846515472399,0.5578891760848866,0.5927168214703403,0.5827741219832445,0.6045290440106181,0.592788756935821,0.6004911791654899,0.2670892748300935,0.4959046514115571,0.5060714386360059,0.36075603479573215,0.026559773150162676,0.032235596353011,0.2631002143318527,0.37429465073801954,0.45004987942747465,0.47210103335696685,0.33819693161101316,0.4144381818857192,0.3890836548019157,0.4678811875961541,0.3092301701285111,0.18920719780912687,0.33173486232698624,0.26107175612760125,0.21462847323139378,0.16539442962953685,0.16383200511551316,0.23414382904367836,-0.025452533012724644,0.4252277416458888,0.18126351318623077,0.09592420588113927,0.16628120722176096,0.31736765686117724,0.024541630418883582,-0.09640988722943565
Frontal_Inf_Orb_R,0.5079321030320145,0.4836388065736613,0.5326749576002646,0.5772780226006183,0.363056666400707,0.2683209756714871,0.6360524557959448,0.6127347243469264,0.518034627436499,0.6193404885402232,0.5055067983689709,0.5311095577305388,0.5922465129332551,0.5891487343515427,0.8187788771181009,0.0,0.49794820261093087,0.4922258351158691,0.4071348014996491,0.47826865453849804,0.3106059209907853,0.013059237675187482,0.6737972549737955,0.7155996100050885,0.45166361038577857,0.07970332113638585,-0.05419176103428186,0.022585887290203718,0.5421246347058863,0.5933548852869522,0.6060974802217028,0.643742066234894,0.6473568001692674,0.6768138225093957,0.44564936675082556,0.33479024671114,0.6166201490739208,0.4130183340753261,0.1833775204702814,0.43983425400780446,0.3693493390271888,0.36127714228926644,0.4356608854523262,0.48530356774917843,0.42006352588283563,0.5154936980649615,0.5421621378978512,0.49010880858388706,0.4452084077174385,0.3985426338148321,0.35663193513270247,0.3417344950058097,0.2785157881183292,0.20014450986776025,0.41415205487966683,0.45161623698209724,0.5313903280513109,0.5291553553184483,0.29533548171202234,0.26942782378912883,0.47602620595139966,0.5308978171949186,0.4751547335380189,0.5996512127990921,0.5599013191574613,0.5159188524625783,0.35854037833799324,0.4605248324080256,0.04731972445376005,0.24980711821874074,0.36894410882103973,0.15236325700419506,0.5362905128918263,0.562541273481536,0.46639536951184923,0.5428192157933165,0.49320481411560335,0.5275669348130861,0.4154668532056949,0.5606752316202981,0.5836575334053703,0.5899514616703095,0.53968489541658,0.5923931154478368,0.5768980396675099,0.6369132084480558,0.19741682984467887,0.49542557131299897,0.4267001473128658,0.2760532911660687,-0.005752598961739751,-0.02138629485442827,0.2604598678186716,0.3738596902860569,0.436502419188391,0.4286820233960178,0.3571835533985526,0.37602775772631836,0.39408862048484483,0.4114928770992252,0.2923109585668015,0.1456853333759265,0.29046708368849705,0.2452459128668228,0.2679995135241895,0.1342318563060521,0.19232747809121978,0.13859171668849857,-0.1451238312378586,0.4493472219676352,0.24996476351957767,0.1195868941465943,0.1302290763987211,0.21259609427546822,0.08022197951340432,-0.09760012331436875
Rolandic_Oper_L,0.531797788808932,0.5818251549660953,0.409040803923763,0.36112270649899136,0.20129485881317938,0.20382654714741524,0.47768828663813523,0.4101718877878046,0.2957387511522565,0.25628076416207873,0.7034965190304914,0.6064701584717839,0.5346668562575067,0.5290360632084093,0.536677925112649,0.49794820261093087,0.0,0.8039197537183513,0.43224154524055575,0.5006247739332208,0.04808171158066512,0.06570016035165456,0.4888519577697198,0.3922896002406976,0.16709008000720463,-0.01679769686268143,0.021804927651611426,-0.0550703548829384,0.7614324531948068,0.7633305841497101,0.5481404689885202,0.5729906078158623,0.6295410538636368,0.6381901942299579,0.3948629143647001,0.1608078892351238,0.4029109468570111,0.11517336507124178,0.2992931591799107,0.5734241225965496,0.2791017786609469,0.3945527461826866,0.4026489229847011,0.489292804154941,0.5126495805955238,0.5873597618424936,0.5879725178773072,0.5400676836047602,0.5406278724204236,0.40378915652575365,0.3338063492430402,0.3797068478104517,0.3112639901294588,0.2484829884486011,0.4876398237912265,0.43493290963957193,0.6102944478127436,0.5988268947256714,0.2702386508470813,0.25936624250321016,0.36116715465829335,0.3072613449483837,0.7078401819804901,0.7064707436193914,0.4171379828150163,0.2948512887648278,0.3269819670587666,0.4006458013066663,-0.014335126840651063,0.2171507226998447,0.4580215407172869,0.25829900012572676,0.4824622308610166,0.4925266116862211,0.4660263432738713,0.4727318775227484,0.3783141144442462,0.4203011544296008,0.7433514414735305,0.7147599420660526,0.6816332368494389,0.7361818137984155,0.29289887590351965,0.42902887779607984,0.5403852022433737,0.6056671489125695,0.02929482779974363,0.4276638156567315,0.26623494370562234,0.22905325075495397,-0.05543076213660538,-0.20570570667812066,0.08621087525091432,0.07232798474026628,0.46222600421496485,0.3418580889222499,0.2854962104797076,0.4102290632176339,0.377782049198091,0.3191260566918375,0.2467814076603179,0.16219073477886223,0.45372677154241314,0.2810953733894967,0.39095239257437164,0.2619513545098386,0.1659034445368808,0.09931842806372948,0.1913722353765834,0.49166066532882735,0.21139791671362113,0.14344870439634155,0.05156407423592078,0.38870748616640804,0.2777900638483818,0.08908093645380279
