,Precentral_L,Precentral_R,Frontal_Sup_L,Frontal_Sup_R,Frontal_Sup_Orb_L,Frontal_Sup_Orb_R,Frontal_Mid_L,Frontal_Mid_R,Frontal_Mid_Orb_L,Frontal_Mid_Orb_R,Frontal_Inf_Oper_L,Frontal_Inf_Oper_R,Frontal_Inf_Tri_L,Frontal_Inf_Tri_R,Frontal_Inf_Orb_L,Frontal_Inf_Orb_R,Rolandic_Oper_L,Rolandic_Oper_R,Supp_Motor_Area_L,Supp_Motor_Area_R,Olfactory_L,Olfactory_R,Frontal_Sup_Medial_L,Frontal_Sup_Medial_R,Frontal_Med_Orb_L,Frontal_Med_Orb_R,Rectus_L,Rectus_R,Insula_L,Insula_R,Cingulum_Ant_L,Cingulum_Ant_R,Cingulum_Mid_L,Cingulum_Mid_R,Cingulum_Post_L,Cingulum_Post_R,Hippocampus_L,Hippocampus_R,ParaHippocampal_L,ParaHippocampal_R,Amygdala_L,Amygdala_R,Calcarine_L,Calcarine_R,Cuneus_L,Cuneus_R,Lingual_L,Lingual_R,Occipital_Sup_L,Occipital_Sup_R,Occipital_Mid_L,Occipital_Mid_R,Occipital_Inf_L,Occipital_Inf_R,Fusiform_L,Fusiform_R,Postcentral_L,Postcentral_R,Parietal_Sup_L,Parietal_Sup_R,Parietal_Inf_L,Parietal_Inf_R,SupraMarginal_L,SupraMarginal_R,Angular_L,Angular_R,Precuneus_L,Precuneus_R,Paracentral_Lobule_L,Paracentral_Lobule_R,Caudate_L,Caudate_R,Putamen_L,Putamen_R,Pallidum_L,Pallidum_R,Thalamus_L,Thalamus_R,Heschl_L,Heschl_R,Temporal_Sup_L,Temporal_Sup_R,Temporal_Pole_Sup_L,Temporal_Pole_Sup_R,Temporal_Mid_L,Temporal_Mid_R,Temporal_Pole_Mid_L,Temporal_Pole_Mid_R,Temporal_Inf_L,Temporal_Inf_R,Cerebelum_Crus1_L,Cerebelum_Crus1_R,Cerebelum_Crus2_L,Cerebelum_Crus2_R,Cerebelum_3_L,Cerebelum_3_R,Cerebelum_4_5_L,Cerebelum_4_5_R,Cerebelum_6_L,Cerebelum_6_R,Cerebelum_7b_L,Cerebelum_7b_R,Cerebelum_8_L,Cerebelum_8_R,Cerebelum_9_L,Cerebelum_9_R,Cerebelum_10_L,Cerebelum_10_R,Vermis_1_2,Vermis_3,Vermis_4_5,Vermis_6,Vermis_7,Vermis_8,Vermis_9,Vermis_10
Precentral_L,0.0,0.71911295950569,0.7484359222919842,0.6718719102172337,0.29333738202103565,0.27363090111807076,0.7136571523423922,0.6084072146434549,0.4285948639996587,0.2764033417803337,0.5375398667031336,0.5715828040348253,0.5361457128943731,0.562087664143597,0.5480829897849379,0.4788132975278287,0.614353495604,0.6515358160805547,0.7634531434579507,0.7218502995971585,-0.07936969057310447,0.22474884825610117,0.6206153427335313,0.4361253277882665,0.4318153911261257,0.4241764162796603,0.2567165656830024,0.22291710923015154,0.6114878878565799,0.5749834534077006,0.5605721435368738,0.5211838474288697,0.6421404332274693,0.6404004873654023,0.41654821852636564,0.2957669760021208,0.30760212281730814,0.3342241205101406,0.2988473494545655,0.41669461537874697,0.24855463850863166,0.280253784086571,0.5771548966384158,0.6400013605626985,0.599721357879096,0.6048313819516405,0.6061793210009596,0.6600551714260711,0.5565494252420963,0.6021214758181263,0.5700173676102668,0.5913157110496715,0.5554466615140926,0.37347021107079076,0.45302026920400223,0.5084324326374554,0.7994795463642191,0.7708332800843007,0.6367901517670488,0.5738033521246998,0.7033515088694631,0.29276716248766327,0.6959802589629046,0.6351126634769442,0.48720515636755757,0.4756559908868568,0.5787518183906386,0.5698556800895892,0.66685055054471,0.7261417816447522,0.32517976861794196,0.5873901586394241,0.5405689750844311,0.5136496027745413,0.3139317636249623,0.3168214141457992,0.18595080284902676,0.27173975887092594,0.5560659152882758,0.6213241523161694,0.6313137245503022,0.6236511306998344,0.37231020669628734,0.4241445436973496,0.5893095592489167,0.6743336554946301,0.2350828377419615,0.251467840589413,0.3192130848609498,0.3740180204258833,0.09457167434773164,0.18972107584502104,0.03063743346341151,0.0695776995554632,0.24794654181573708,0.31237186534840844,0.21460995668844987,0.21299864544279068,0.10882895166678715,0.21287017574811495,0.06987529410684915,0.13485257801581002,0.07770355444371836,0.10901854062610455,0.17017800123015644,0.282865255982094,0.034338028560246876,-0.030252401982416386,0.2587227365938607,0.2201954527752256,0.10732522910525681,0.1515472856682005,0.2276720535007484,0.2801570466822571,0.34635389536379807,0.24891327410001524
Precentral_R,0.71911295950569,0.0,0.6433405440875825,0.7193940963175406,0.37379522877086047,0.32857834385853363,0.6482356590455775,0.6367481813600712,0.43507788137365616,0.33227673966398197,0.4920316739642404,0.5088296877229046,0.4414345596300597,0.5186660718479267,0.5021911860362213,0.4772461963504465,0.6309683890235839,0.7274387829715804,0.6442719270013241,0.5921347897754199,0.020515744265150695,0.3086822010372634,0.5943375025810241,0.42627262212776307,0.3941604157830028,0.45834634264863766,0.18228732039525333,0.22199094782476028,0.559373648694333,0.5696462748286609,0.5406732239921805,0.4947528719468634,0.7244632024681585,0.7214025802813295,0.4133501579788167,0.3404355169683512,0.37104708633164296,0.33345627215673057,0.35219558570836285,0.48425350270410894,0.36825309932100647,0.274096120292659,0.5984505279417699,0.6712329636460053,0.647109203771122,0.6355471919007781,0.6203022108372753,0.6408103306165346,0.6036820329669337,0.6342686536585517,0.639287376188303,0.5787397905023677,0.6660080193869595,0.3263444489474509,0.6088434915632952,0.5796022748631086,0.78070877289006,0.8659028986673315,0.6824888572629102,0.6311683297605294,0.6219274028390204,0.3475690881078121,0.739559079109312,0.7404234049365902,0.5164248335673413,0.4513835369402722,0.6924740474142608,0.6820696957812105,0.6916590508432257,0.660229113256229,0.2345039698903179,0.48683741684562754,0.4943075799684671,0.47454233674477103,0.38860216387877583,0.42432972340834835,0.28083441091393996,0.3703141916957115,0.5616847787388893,0.614080438104537,0.7057774885255632,0.6709021154343725,0.47385820331388673,0.5473453618275615,0.7126788157412056,0.6962671453594561,0.3385785834360419,0.407982693392706,0.44328985080377753,0.4310902197149917,0.23397836265126531,0.2566301373692118,0.16517420730750043,0.19538897960382004,0.2228642773002596,0.32957951308930716,0.31568079743148364,0.22657831391809716,0.33720711824019317,0.3394872136238926,0.20186195889068115,0.2649581227212954,0.2605778039781985,0.2688060772022849,0.297416674064527,0.2906032382237758,0.19774287944269786,-0.01177528913407007,0.13694675189602784,0.2694139319597362,0.11170415036962832,0.2955258653489139,0.3739472324273383,0.2941464777144264,0.25708257268367357,0.24323487396274465
Frontal_Sup_L,0.7484359222919842,0.6433405440875825,0.0,0.8082788289828465,0.5233891194854721,0.40359625578347863,0.8505533910277389,0.7403368451182233,0.5447596820028512,0.39672470349393124,0.49677844754258754,0.4790781507339633,0.6051911241907729,0.530718680042704,0.6181030697103006,0.40127597230864853,0.5769114970175971,0.5842259470496334,0.7201170150461302,0.6464528010723419,-0.039597896968460056,0.1856591729063663,0.7935350863032192,0.7084670802917646,0.6466833805853666,0.5235627788961569,0.30428489454103763,0.12013083540884605,0.5634856168852623,0.5142267799577196,0.5919405296015573,0.5093048048412304,0.6170852756767314,0.5959397543634604,0.43235365314214624,0.2606057201322166,0.35503330202093614,0.32976895425525543,0.36857098363538665,0.42188664214739807,0.2616402743112846,0.2647850957095436,0.6880243969603338,0.7041380053121938,0.6500130683787294,0.6236681190429705,0.7048255271911806,0.7480859393814714,0.6104395268218437,0.6460103378555568,0.6433282892855465,0.6873369140164641,0.6793793035405364,0.4628650738321653,0.611805076096142,0.5827521386700617,0.6682196901711203,0.6856659199353924,0.6684674969702626,0.5193523435004376,0.6635764541650508,0.2289120652390438,0.6222918977461079,0.5487868485982366,0.5690211323291502,0.48342250720785496,0.6168524391349244,0.5765828188404414,0.6124277204167693,0.6048319193594315,0.33203633813135985,0.5518690993659121,0.4665999369647952,0.4057139166527216,0.3315230402935337,0.27336555965122733,0.3062506563728458,0.31899028668301926,0.5230967980513733,0.5720768557541629,0.5798182273553588,0.5591696612241979,0.4261729413605738,0.5075260069351413,0.6822235001921273,0.6361723084028832,0.34824312154228293,0.3321701636411074,0.3554190142623078,0.3273399262930529,0.21014079814436007,0.33479861321912235,0.13302807172422598,0.17980016766306262,0.2476719265208086,0.3546309375315673,0.3375327828158894,0.3039214008184675,0.28199946727505115,0.3760391076767888,0.19753842700559301,0.2849353119158235,0.21908269006944783,0.2513652571146715,0.22917519147150625,0.35416609960070106,0.10933947581030683,0.15122628297719337,0.20990415056529674,0.26582909081479467,0.24361168506133343,0.26517376984814967,0.3281449892000201,0.33559539418667356,0.4040527230502291,0.3185366186478519
Frontal_Sup_R,0.6718719102172337,0.7193940963175406,0.8082788289828465,0.0,0.5034492902356238,0.4931552618951424,0.8251449831249317,0.8384011036482205,0.47796786899565297,0.5011353210320172,0.3943740375817057,0.4951311162410523,0.43707875634707327,0.4964038622963572,0.5302509075747911,0.41907687481117506,0.49983940077887773,0.5277867088209565,0.6305854067975782,0.6152614901481229,0.10110739796117757,0.30480990209425857,0.6897149863617207,0.7229442867383165,0.5213094189568581,0.4699826945538419,0.28869760478440254,0.20787093914076787,0.4737129540605207,0.4602776088221347,0.5408137176416203,0.4851041383176192,0.6201611963389869,0.6124516334689596,0.3085766164360262,0.21714047048001023,0.35304388419757365,0.17473329697622053,0.40128836912745464,0.48114120777084257,0.26237904343413615,0.18228599377493054,0.6557822338171045,0.6561219164299396,0.5889482078515879,0.570951403817564,0.6533232017712136,0.6436702769359892,0.5671957538450404,0.5989704232882203,0.6302670763940874,0.6138468510216173,0.7064183712451588,0.469917456736616,0.6228163244942906,0.567048039997941,0.6411982171972528,0.7194723812371087,0.68458154311327,0.6572042223079521,0.652953829902459,0.41092853413877073,0.5833323464892826,0.6307183920709998,0.5013019771382209,0.46833909678844465,0.6315191874917897,0.6092774029284862,0.5782238120027658,0.575551196345917,0.2391530666021082,0.47744064223321453,0.46028711885079693,0.39453556421793756,0.3686823984783351,0.31473454898537984,0.3479180759081208,0.3769982007650941,0.46389644550418746,0.4746833678909282,0.5161896626080409,0.4840891755825852,0.46299270876724696,0.4647304055020948,0.6535213880765843,0.6121433804295668,0.4291065367623538,0.40802894443358245,0.38310951527619863,0.3572327983778979,0.3736776922055876,0.3746034988366683,0.2942941265000116,0.26002944663923916,0.2170643237185166,0.31896150901815074,0.3130420690956222,0.23435082253370312,0.431412792550082,0.422229453128234,0.2823650468607375,0.3503221389190812,0.3253165628855745,0.29341946605095415,0.3271139785711083,0.3559107400965697,0.15200161054650518,0.15017842050154023,0.1563995474029492,0.18631718541804065,0.1856566413045493,0.32532035472161736,0.34846691316389294,0.3511157266967456,0.33480807257263606,0.3178964535437657
Frontal_Sup_Orb_L,0.29333738202103565,0.37379522877086047,0.5233891194854721,0.5034492902356238,0.0,0.6896871016123424,0.4480975232853936,0.4369734950851014,0.6549519455620122,0.657357782823518,0.29684185966557125,0.25109397360458646,0.33450182739069345,0.3162692065895853,0.5333640584959022,0.3959010439868053,0.3167546240619396,0.3109583991590926,0.3154575928320156,0.2532301796433582,0.19369311792716296,0.21671533223428205,0.5237330821700333,0.5613273294100855,0.6389011453008538,0.6289059197641563,0.3358628031271669,0.17365820580019908,0.2830544437912423,0.2035559536603633,0.2866767393608041,0.24919711066658906,0.33977879775542374,0.29436607387264113,0.24430671906130083,0.1646393196872441,0.1770572889673088,0.07699117009442723,0.19873812764942791,0.1793723658180483,0.16148624814620682,-0.054832795902587994,0.4678818708427439,0.4782740526515784,0.4504108846748724,0.36257684475765384,0.4243984347525079,0.4285462611542663,0.47683074019311594,0.39831756056942613,0.49585598432000455,0.42516484489555656,0.5407532477953801,0.2718610969993842,0.36953491354231327,0.3026216413660719,0.36778619072410235,0.3395331726186337,0.4227934962059648,0.2571079744741636,0.3917223875300415,0.12899410930940142,0.3159569176227859,0.31401820077673154,0.42176034882343466,0.2348064642492446,0.39279734421648577,0.357988176999484,0.3446612808828616,0.2586947203508127,0.20880237276438457,0.31970773066731595,0.26912894934531306,0.17606448241054992,0.12548789564876506,0.16639177936703053,0.2248896045231094,0.21298000919110371,0.2033966013422323,0.16594246574308869,0.28214802810727135,0.18600965761574828,0.3686647531845173,0.32511052136856045,0.4358438847471941,0.2921984102485289,0.21298848224821806,0.23278783862663452,0.19923413315597602,0.16392148408558938,0.30741409233846423,0.35550407175772664,0.246406653744126,0.22363747380579174,0.118286103372791,0.18005413195831532,0.1601694962915392,0.10075218191734045,0.2736824907371344,0.19201461469421496,0.19339442440909022,0.2645457271626635,0.23505137368885762,0.18844598013392286,0.2430148213264815,0.2616978724082396,0.04546344424601638,0.18708773448210425,0.06137222301064178,0.16378328708375717,0.049569602770786134,0.1365134021919902,0.28001977952994844,0.20101646088707695,0.15018231553434072,0.09428695852936975
Frontal_Sup_Orb_R,0.27363090111807076,0.32857834385853363,0.40359625578347863,0.4931552618951424,0.6896871016123424,0.0,0.3149600630766105,0.31334882438848416,0.5409799144792138,0.7938356331069281,0.05487721215194425,0.09309222188735684,0.1388712099886996,0.1571400560156097,0.41424303298075354,0.4386529032362012,0.13403896972210458,0.15158421603546024,0.24897622474867281,0.24953804053087542,0.35980206142646753,0.31324449002588256,0.3801432539233062,0.5054948791901104,0.4283225459766437,0.5594703384381299,0.27383175804576965,0.3751234619963013,0.08043857292052939,-0.012655470308744832,0.10356661313888753,0.013563609389088523,0.255565135463465,0.22694781047495316,0.13725711974592436,0.08336507309070552,0.22368895942362657,-0.029511589187291586,0.26411480684637656,0.30378796207732983,0.1288763651519259,-0.1278615875356374,0.3310076520267237,0.3388025313768316,0.35627880439250065,0.3142122651130615,0.2911401352774062,0.29977690851220284,0.3620764862173168,0.3136270523228164,0.36503819587665354,0.32241786477962653,0.40666935206193994,0.23296076235956617,0.33180091970064296,0.32617796989324294,0.3448980413085001,0.30899308291882666,0.32506551934336153,0.1910274835699699,0.2965948064249335,0.05740596460633803,0.23107774254001598,0.21964395373489554,0.2824317051600335,0.1560388595705118,0.32572416954388644,0.3088439037980798,0.30086699264440464,0.22817891538274068,0.0648203855465391,0.14117896755405585,0.14533099532473237,0.030717416754176267,0.050346091328040084,0.09046901050457218,0.15654466492309804,0.17575079735207716,0.051778043717457166,0.03755761180700611,0.13278015543008223,0.037028482058535164,0.3770750195852094,0.24691976672754817,0.3206905518896955,0.19598971647745667,0.2829467222508321,0.20338002486885,0.32103100034162296,0.28488037586246323,0.31105338615809813,0.3212462359117196,0.33074141669067586,0.3399810029085805,0.16394367776150828,0.14822657131695566,0.15303794310710678,0.07587517302281747,0.2545642968887609,0.22849813486581322,0.22748668488506113,0.2621743032487776,0.20287782473776994,0.19630942892679754,0.31641182056590006,0.332071169880652,-0.012020557732921367,-0.003527262094768713,0.0593016687740645,0.09792403877608906,0.07295524817387314,0.14656962428019352,0.30236979565538824,0.28681502640654755,0.05918020813308037,0.10954573144509115
Frontal_Mid_L,0.7136571523423922,0.6482356590455775,0.8505533910277389,0.8251449831249317,0.4480975232853936,0.3149600630766105,0.0,0.8138647384703556,0.5185818124271095,0.35443729244829514,0.5130198296558234,0.576313201964851,0.5192021285435992,0.5606800288946763,0.5472393059139978,0.3961726418163662,0.622361947886429,0.6026463420794562,0.6788490370192906,0.6284205510530065,-0.032451677836980754,0.23324387813816821,0.7312814957403422,0.6601938753062577,0.5473539345982228,0.41087509323880556,0.24312728070182066,0.11593042652179537,0.6105289008498992,0.6065212852560333,0.6843518230396992,0.6485083970314237,0.6388178154055959,0.6522108747605798,0.3579727093542787,0.2593145961235176,0.3213119697764104,0.26510156982290456,0.4238509612172361,0.43478998910617905,0.2453584049622457,0.21885454392202078,0.6937853809366772,0.699155701546748,0.6181212796946104,0.6054331829136335,0.7022509050682575,0.7052864281188664,0.5811262054932178,0.5755252959036946,0.5967837595579754,0.6198876708533668,0.6787623638786593,0.49374700354319606,0.5927601533182991,0.5564399008913667,0.6425633618593491,0.6678020262089657,0.6640387488983003,0.5761345691931403,0.728079160316426,0.4138337922655219,0.6702073554177148,0.6597390475442915,0.5046231799251623,0.4935413038712112,0.5892904822058243,0.5711124895309426,0.546753405955793,0.5068394310805602,0.3981671836191781,0.6277884274928048,0.5754666386068649,0.5235496468130052,0.4323375827184839,0.3732622310921591,0.4279750138101815,0.4449694033983992,0.5645365320610293,0.5762364872160136,0.6179432771362604,0.5841546277003994,0.41376145337967773,0.49793979045538583,0.6715022708666214,0.6863500659299783,0.43706003392104104,0.43782545108144405,0.3396722702125228,0.344017142755339,0.22506143204519483,0.3374942037439603,0.16792895191764207,0.17488648104411078,0.24042017618993144,0.3669293536876386,0.31768728196947016,0.29410498328978474,0.3323427211644054,0.3978433326192403,0.2574482665509184,0.36916905935109,0.31729575212050215,0.3057531302322562,0.25407464369864935,0.3666709974386823,0.10187031987956043,0.19263067775686146,0.21512893699899313,0.2580662728990865,0.23880313001517509,0.27864643733102185,0.24404841418809767,0.3487951448774493,0.4496779608009181,0.3609014217438874
Frontal_Mid_R,0.6084072146434549,0.6367481813600712,0.7403368451182233,0.8384011036482205,0.4369734950851014,0.31334882438848416,0.8138647384703556,0.0,0.4845333811727893,0.4320128272205911,0.5275503657306854,0.6247040389052533,0.5461241789754756,0.6634351847718573,0.5369019481054763,0.37417534107838124,0.522921684567582,0.5480286949287841,0.5726245689159479,0.5429757210826603,-0.06285288222853883,0.18809645994705063,0.6879848557475376,0.6318024250016674,0.5205442015469528,0.44723259056098513,0.26593798010027947,0.05859886406986328,0.5383557391906998,0.5433468885560556,0.6446004885412004,0.6469828819728467,0.6617586893375076,0.6716999631003377,0.38309512439386745,0.2992501693368931,0.22314762832349394,0.16817114752883447,0.2600841198510818,0.31011321500863565,0.20905550959415672,0.1657015103604994,0.5656616349524505,0.5807256337460798,0.5720332666064244,0.5625641150326078,0.5924748772140049,0.5903232161835718,0.5494939271596802,0.5746334419429366,0.6500932544855327,0.5933163326529918,0.6534410534544811,0.35468549789906656,0.5354334011455889,0.47045007466371513,0.5485166255239803,0.5819890425869593,0.69181637367576,0.6169010064558886,0.7231731774663465,0.5418292079370373,0.58250917562936,0.6533929251439852,0.5186764950051806,0.5789866437679231,0.607688025281591,0.6128061173553547,0.46999817626565554,0.4645334800866527,0.30483862186204136,0.5591840828155124,0.5012817318653757,0.43661198200362666,0.4135341438249114,0.3387167998378721,0.4336304708588585,0.4327409707817154,0.5075485019372818,0.4863614570789815,0.5629994255131727,0.5696705589618489,0.28071667981511444,0.3477361127579862,0.6162386836989439,0.6423837812643515,0.30668756565845473,0.2680939517721603,0.34846006074572056,0.26338589381630867,0.2736734585941216,0.27134004825016034,0.15007736472043076,0.10910717445127809,0.25630449832660035,0.30927859225252874,0.31324945840268964,0.255788800462118,0.3994806585721806,0.3440486667325373,0.23580621752762454,0.2913853515322194,0.3078075111598617,0.264118513494957,0.24567552028402787,0.29981308341969465,0.1592294781137245,0.20602493671286196,0.21277601255313858,0.23377947256987763,0.17960309178642755,0.2762452455068031,0.3216062127055355,0.27824372891964333,0.36856363531523745,0.27146593899285204
Frontal_Mid_Orb_L,0.4285948639996587,0.43507788137365616,0.5447596820028512,0.47796786899565297,0.6549519455620122,0.5409799144792138,0.5185818124271095,0.4845333811727893,0.0,0.616099999547541,0.4573125621613976,0.3898288312272256,0.5144620896310474,0.38708432816277627,0.7196255963360595,0.6320900211811498,0.34963079597568486,0.3570653159324695,0.46272657754071844,0.37515406760500924,0.195898995510221,0.2963477973331306,0.5483494839017706,0.3690363311339865,0.55280738913672,0.5834267811182478,0.36704091962752056,0.2744960869184375,0.3724903665141341,0.33788995677129935,0.4171989157305837,0.35970671192847065,0.3628020863540389,0.3710893527041585,0.3265514612244596,0.1812655150726004,0.2735048502073887,0.27461639504441754,0.3149076836764019,0.2765641983678394,0.242747676428485,0.17848189303089557,0.36703056935328765,0.4092866469014705,0.3506549825301601,0.2982173888571933,0.4037253795638435,0.45172060470837616,0.3470326392392695,0.2869596418334494,0.4568761679862925,0.35321656372681715,0.48911358443714964,0.1858042773842193,0.3472150767649554,0.33974497003676263,0.367831538293455,0.3890039044004444,0.4537459420781134,0.33278863204448605,0.5341710488608585,0.19437050698642103,0.43676946965075325,0.3274266951967324,0.5158267239414829,0.3854766866441936,0.3513809951327442,0.3211701089541163,0.36762574011149646,0.3024911834323714,0.47015504059805935,0.5259722030888714,0.3604365967799197,0.2947076132078199,0.24672518042972494,0.1503012757557767,0.2324161078204249,0.18471012329997025,0.2800484584207618,0.26659747800775935,0.41726871840368485,0.3485570777799408,0.3832890884521086,0.33144448060929904,0.5658649929304136,0.43554590377657026,0.15904282487680912,0.22981570383814723,0.33216112972915895,0.263221551294781,0.20619056989093582,0.21378733180435908,0.11043233873047403,0.045947155989390816,0.11535144382650908,0.18768577934511887,0.17892922562574387,0.11558973307748895,0.16302294109525267,0.13620432206305982,0.08666442505132387,0.13767157316655293,0.08864949317740237,0.08966723924554167,0.07311376841906349,0.1526679552032936,-0.07177710444919994,0.04457308072385698,0.06354883112402711,0.16279988543072674,0.10132319471201148,0.1415205382500126,0.25725369202359194,0.10685356472598044,0.12948148091915965,0.057927840549307594
Frontal_Mid_Orb_R,0.2764033417803337,0.33227673966398197,0.39672470349393124,0.5011353210320172,0.657357782823518,0.7938356331069281,0.35443729244829514,0.4320128272205911,0.616099999547541,0.0,0.18518198572786765,0.2258507645893207,0.2410693722498618,0.31011404604235127,0.4848620265460572,0.48020865266595403,0.17118278304870418,0.18138902453385147,0.26110293455822126,0.2192928886056027,0.2998528267535742,0.22535163097446512,0.3969375542431004,0.47662956792221867,0.40823826498368093,0.5880931946970966,0.3003870559154542,0.31204235713127715,0.1792557541650777,0.10404644206692974,0.20061856377459047,0.152476172816133,0.24873111363013564,0.24214496775042083,0.1743075246507255,0.10232854693407288,0.17881839846386632,-0.024509310482746873,0.2040634685739984,0.22961093667148194,0.07274937812784302,-0.09558643799364705,0.33625055255387354,0.32311939886355984,0.3567462131365038,0.3036831504152211,0.30723230981860317,0.32113059888376055,0.36890606281867966,0.3205426011238686,0.438643184328574,0.37009862146287203,0.4075502061267554,0.22489633499250347,0.2670609668264738,0.27051665832982624,0.2778474387738355,0.2630770969874527,0.3643582926440114,0.23027931125451073,0.3448976950453569,0.08182166061051538,0.26544674453022415,0.2293718784193165,0.3357075393066217,0.19191345056631712,0.317152864141376,0.30873108947908756,0.23375952264343533,0.18887168149196112,0.14748351642869093,0.24822564435143685,0.19052716538254058,0.062343554897730497,0.06269961577722027,0.11510709193568083,0.18786231779134827,0.18226679488220865,0.1004576568654513,0.06299332028573808,0.1816737052842141,0.1105792331526747,0.2731693882007512,0.2224150624459875,0.3506254370656594,0.2788221397795683,0.1679670555966417,0.08773445632233814,0.27154564729063174,0.22820629748535362,0.29032869383052007,0.2915128233807461,0.23438200978202983,0.20690467886495212,0.15790610104614888,0.1358114789401849,0.16069535229181897,0.0767888529689891,0.2304630436552212,0.18824505434466418,0.11767312103875571,0.14419601964290046,0.12853693452524445,0.08336585973758846,0.1804040073997978,0.19602170303515784,0.007880079791305478,0.060181905016210006,0.06448548351842477,0.12622437079757867,0.11053703930444783,0.1695657240604357,0.2893933871584784,0.19269004552081975,0.08012183049996112,0.07310150063900314
Frontal_Inf_Oper_L,0.5375398667031336,0.4920316739642404,0.49677844754258754,0.3943740375817057,0.29684185966557125,0.05487721215194425,0.5130198296558234,0.5275503657306854,0.4573125621613976,0.18518198572786765,0.0,0.7650149986053035,0.7393913156861746,0.6830734695637674,0.5630056600057775,0.3294474244044503,0.6760032149675649,0.6142741800558048,0.5099145771530827,0.4287283425215327,-0.1877830846696374,0.10025680188549371,0.5650915656539738,0.3150762689645071,0.48587027347305295,0.40796327173230984,0.1446604783253926,-0.023936549964515014,0.6472406981983622,0.6514534939026555,0.6536577632069583,0.6352606847960418,0.5135350825075736,0.5209242409092821,0.387593785375101,0.3013596102740676,0.13608086218433854,0.3138180917064709,0.018551784134889022,0.03580959267729513,0.22329598939737733,0.1588787306671893,0.44162291832773365,0.48398116033638006,0.44655630702407895,0.4010568462908951,0.45493165345168207,0.4752486917872349,0.4277502115003837,0.38766102944037667,0.49144072868985716,0.3879449898436678,0.46263206934489093,0.12311878837959095,0.23027609074915945,0.16224741499716358,0.420808611992367,0.4385089473400157,0.4841145312003583,0.4173171093100312,0.6137909653077804,0.3824687396759742,0.6326597522214512,0.5457615876242843,0.49771731946912606,0.493944059499244,0.4181013389625695,0.39427607616819094,0.36329974768924866,0.33606139471991,0.5345498171003998,0.6531888034690382,0.6124679030147355,0.623896342672235,0.45723818942730377,0.45243081940482477,0.4088072033617247,0.3598611122173559,0.6452709518076862,0.4817939631164228,0.632936444872924,0.5988506482883355,0.1708707626392203,0.2713660058367314,0.5417550670839401,0.49203664955495025,0.07215942927157261,0.13666263752789837,0.16951457045360266,-9.484741390792094e-05,0.06908663616927675,0.010192480961108802,-0.15987211209882352,-0.21223416626171077,0.2681138022674138,0.22776022066867493,0.2154787433671403,0.1748932541127561,0.10736233636115396,0.0832517382275488,-0.04031429153202271,-0.05338721045165696,0.04099172333762487,-0.019462609149531216,0.004690452068826199,0.08083526698805396,0.11437280215157704,0.10826320200734928,0.3292450541668004,0.2532793685045939,0.0654246105675393,0.06288695411649048,0.18952964167688546,0.13448413467304654,0.30661125464622524,0.18747102976339422
Frontal_Inf_Oper_R,0.5715828040348253,0.5088296877229046,0.4790781507339633,0.4951311162410523,0.25109397360458646,0.09309222188735684,0.576313201964851,0.6247040389052533,0.3898288312272256,0.2258507645893207,0.7650149986053035,0.0,0.6613818972937526,0.8123006323246865,0.5136374714357627,0.3753826445151868,0.6526647935162073,0.6652281551608681,0.5526728060844835,0.48451844520739673,-0.1342194189274119,0.17228677893832417,0.5976439929296855,0.39030684417496353,0.4245381737818508,0.4090918884903735,0.13782779743608234,0.06549863664792063,0.6548566192704565,0.7182001038268944,0.7051361332952949,0.7119870779910109,0.5614585524832936,0.5774663946829911,0.392213664969675,0.3166793711283498,0.116433857505674,0.18977244896916717,0.06587401184595623,0.10373099742982686,0.14558179594978873,0.1060304105909024,0.458502093060888,0.480849770639011,0.44852134242700314,0.4180441738055069,0.4503076425418781,0.4751721804130403,0.4141129102730361,0.3859894666932508,0.42782857357058524,0.39706560366836724,0.45815530583661906,0.2328352793565955,0.21870073503926712,0.19647510847185362,0.4569717866528386,0.46230220587266213,0.49874834085075853,0.4694445589982199,0.6436374452754688,0.5007732159809243,0.6319476126215858,0.651280498512124,0.46464716751305873,0.5709328948298775,0.4347780519760409,0.4223028505092506,0.3606442132864201,0.353987375698974,0.5007298503832193,0.6822828162060283,0.6071793998761366,0.6116894079833404,0.4412825818212343,0.43529177832979876,0.42160891874726825,0.4162460927008181,0.661488093788774,0.5468335581250018,0.6431354621614472,0.6505070131182128,0.15161191757312065,0.2624270199071341,0.47451732462787344,0.602805415547945,0.1397447123320207,0.18810454142284935,0.16631776970751047,0.12696097338278065,0.10382640573146118,0.11574100917802546,-0.10299253833120536,-0.15888242261465405,0.2792753543132479,0.26276613888295464,0.19517277851503753,0.18924698523244216,0.18013107735349665,0.11891266602991142,0.006113605140486763,0.03252860218525114,0.11148830180449976,0.033244454644171306,0.07016921635875277,0.15006510577264362,0.10989320729520383,0.08236950441770696,0.3533495880799459,0.19112935010190676,0.08109950056689036,0.15773371769927133,0.17257486223264043,0.1635035196026699,0.36434320355285404,0.22348605140761255
Frontal_Inf_Tri_L,0.5361457128943731,0.4414345596300597,0.6051911241907729,0.43707875634707327,0.33450182739069345,0.1388712099886996,0.5192021285435992,0.5461241789754756,0.5144620896310474,0.2410693722498618,0.7393913156861746,0.6613818972937526,0.0,0.74468910570172,0.6852050924872788,0.3336856447089526,0.5594462550269075,0.5513070542812808,0.45198842289846647,0.4123485671262708,-0.20002548317603366,0.02381250936720834,0.566886526564229,0.406337806356504,0.583703458045055,0.4939116898876807,0.1680983634320298,-0.05701917934896474,0.6360220048832363,0.6050067810516474,0.4742501439590315,0.47787311554645073,0.38689107735002115,0.4374368593888622,0.4295835989510958,0.31234523633522954,0.27287449722053303,0.4955098919594083,0.14731934912156414,0.12752401017367104,0.280909654748326,0.30969254242928373,0.3552953036881347,0.4587646444801105,0.41259257403012833,0.4282741399899816,0.45731874362196584,0.5312090898802386,0.4127265828138285,0.41645258603574214,0.4570729714959967,0.41167469393036354,0.4290144785011888,0.14054669194090802,0.27724002219230764,0.24852166098973677,0.4525574286349682,0.45056774140456063,0.4289383871247215,0.38604674575601144,0.5839282100457496,0.27747751182279934,0.4756557635595102,0.371250159928033,0.5731630092606708,0.5631903253349062,0.3626338844470411,0.3940004532611129,0.37728388961808007,0.37439927366029274,0.5022223670641327,0.5714346872202349,0.46450526242269197,0.5194709761909438,0.30342475831209087,0.24349418145611523,0.24493097710684497,0.17616348705345747,0.5585706730935371,0.5313918107778417,0.6083152801661097,0.5830226376565177,0.15748098355409473,0.24669807157365217,0.6110060237481867,0.48616632816069705,0.09411909429088353,0.07633214444923411,0.2432315114946085,0.06052311413685603,-0.10940816492442508,-0.07739086404353984,-0.20389115666094706,-0.2185227433126039,0.1745378265939104,0.22329799919451096,0.23401871658750154,0.2221212887758249,0.004305841518206636,0.05039343314982588,-0.03738694799537387,-0.029539143098947267,-0.018294327330816717,0.01307319400197772,-0.08756966186813142,0.08173788281046089,-0.015223397871385913,0.07717591572244019,0.1795087037292635,0.2248451496943875,0.1341549661710066,-0.022727636210497754,0.040145474235478595,0.06289783194562205,0.2576643716524082,0.08099596097223699
Frontal_Inf_Tri_R,0.562087664143597,0.5186660718479267,0.530718680042704,0.4964038622963572,0.3162692065895853,0.1571400560156097,0.5606800288946763,0.6634351847718573,0.38708432816277627,0.31011404604235127,0.6830734695637674,0.8123006323246865,0.74468910570172,0.0,0.5689186048621819,0.3257339553225992,0.6242016760203483,0.6595230486521326,0.47891236657887826,0.415275466484719,-0.2540831731924281,0.0246876009533311,0.5743142901261628,0.43735444570258003,0.4826659610373474,0.48106382765652544,0.1676276771869454,-0.07120711980173347,0.6975482486444929,0.6898468447255605,0.592765712408117,0.6590615870124799,0.5580414427819578,0.5925023112100034,0.4338247588107177,0.3868411499897691,0.1613824355534752,0.3016088095123276,0.0843123170398156,0.08494582834892886,0.2149634013144584,0.1920960941150545,0.4506872930930499,0.5275520820806613,0.5252478442200104,0.5397657128191495,0.4993359017534649,0.5202555106210588,0.5277670611885462,0.5117909817337588,0.5236490949501005,0.4793460886226459,0.49329915186476014,0.21730116187851614,0.2960223303217092,0.2620302951938923,0.522181638331222,0.4752854335263745,0.5273343121160954,0.44003453082563465,0.619148609116449,0.39594715703504935,0.6025409385185068,0.5895454098397825,0.4846821941079894,0.5535027847463039,0.48105905280198896,0.523029867155877,0.41140664115473546,0.3794978897695858,0.35242182921601917,0.6077652196189408,0.579158001197465,0.5706243370977211,0.3612411394574241,0.36085245855959075,0.35387046551194834,0.35604616546368684,0.6377031902295477,0.5852738899528427,0.6868412631612849,0.7088636859117022,0.11866804924416063,0.2667006887981857,0.5400357166454843,0.6194452562346637,0.14445714574726604,0.10614068214213547,0.23040596261618745,0.14145650316349132,-0.03370965396872845,0.018989777147482075,-0.13990067964493355,-0.14674953508338515,0.2476195554636953,0.2766186262887747,0.23482488246415892,0.23740652037923224,0.14413565959350236,0.12690664216706402,0.019486269177425256,0.0564101189554221,0.12759414645487263,0.08256487398068185,0.06820728606414231,0.17181561562694142,0.12280965099947752,0.11710641206903406,0.26467315397571534,0.25596320729957195,0.13132787034836008,0.10929584475147354,0.14278095270158797,0.13026114102509256,0.3090965532725422,0.1328398106678013
Frontal_Inf_Orb_L,0.5480829897849379,0.5021911860362213,0.6181030697103006,0.5302509075747911,0.5333640584959022,0.41424303298075354,0.5472393059139978,0.5369019481054763,0.7196255963360595,0.4848620265460572,0.5630056600057775,0.5136374714357627,0.6852050924872788,0.5689186048621819,0.0,0.7024146553246854,0.43823551783312736,0.49928240423940395,0.5249800150389455,0.4782101838984554,0.15480821253264818,0.3239493836395432,0.5748621214462392,0.3983686184524872,0.5870471396005057,0.5608940803057951,0.38979844544194936,0.2593566499866584,0.5764872452326602,0.5075651033117756,0.48465001593156054,0.4777850021588626,0.46640978373222347,0.4862471862057712,0.3118711212660432,0.23119571601091599,0.38226521964521204,0.38220485632418977,0.3939400429636149,0.390360899861244,0.3350253952350571,0.3120493925425198,0.41056906037352486,0.50192648447681,0.4414659933427906,0.4185224683104729,0.499720397536894,0.5575343773631006,0.42209277679635665,0.38678910806707023,0.5042692294731697,0.367807236516455,0.5319650282220915,0.20667466857555605,0.44042242748671356,0.45221911454862346,0.4713184721456215,0.49829219916247974,0.4821904998557725,0.37406283127613466,0.5592569326091562,0.2263782633326664,0.5010242516324702,0.39601805943822527,0.502238660711933,0.38980336627765744,0.4492196379275929,0.4229633054209792,0.4459078392004553,0.4295747227852976,0.4864419832360224,0.6058567349641619,0.4262043364949821,0.4071497310652893,0.2786673176835893,0.1701210879838986,0.24406417909496664,0.25800964025447093,0.41491616522421687,0.4353254266235794,0.5800891067985853,0.5274876435304444,0.47760013394974543,0.41823229249378807,0.6726710086668102,0.5529514456305816,0.14550374530081933,0.24008403856643132,0.4477891455266509,0.34035726668307104,0.12369128981992103,0.16851640625366052,0.12549533817656353,0.1255872405290172,0.1216055083634001,0.22583544623493926,0.21274585072785498,0.1658458781018378,0.12241412922827766,0.1497287954544355,0.15390881883175306,0.2090534776974241,0.11827262875060841,0.17726903665647686,0.07464409433702889,0.24173628431145797,-0.10839805876975893,-0.005284722951181811,0.01671212670747606,0.20099687040482472,0.15301816471454044,0.1467642983308568,0.23271144081298242,0.1818653558553899,0.15770108792439536,0.05541655639100404
Frontal_Inf_Orb_R,0.4788132975278287,0.4772461963504465,0.40127597230864853,0.41907687481117506,0.3959010439868053,0.4386529032362012,0.3961726418163662,0.37417534107838124,0.6320900211811498,0.48020865266595403,0.3294474244044503,0.3753826445151868,0.3336856447089526,0.3257339553225992,0.7024146553246854,0.0,0.30779882362877253,0.4187448480766866,0.5144245794495858,0.47013656465502035,0.40118317754660243,0.46546945183656474,0.3888699461728545,0.1400230392917904,0.1818336931936256,0.4512496915239538,0.40370792174652426,0.5654296340550244,0.38064355101007125,0.392578845892798,0.37811268202359616,0.3441106253227883,0.4478524434045128,0.4271944915808289,0.16273469224496692,0.08674786937498839,0.31231110181175736,0.17712734907340447,0.519847278692123,0.6054483506610121,0.17950212344340435,0.2130925124618286,0.3116300333598164,0.3352488315780653,0.3024883316121313,0.26436091919619825,0.3720825185700268,0.40651209072893335,0.23279782166004226,0.22320463833266604,0.3336205306045953,0.17708111966125875,0.4399337079437063,0.2389569297860366,0.4436245621364987,0.5338827728311052,0.42992148058594243,0.4730490819240135,0.47196466535294407,0.37234986347621,0.46186844759164875,0.24376193261595344,0.44660403899136913,0.3866212231183844,0.3444014054459121,0.23490390250839333,0.41824826997998055,0.3592537757623091,0.4730609089576345,0.4477274618903271,0.34438176148388716,0.48957175650634494,0.32059191913103324,0.23527054307460948,0.19633284924942734,0.13434709537464848,0.2337556890528459,0.28856379884240335,0.28153474563666125,0.3529413436539506,0.4805234496781719,0.4039891636365959,0.5345135371350472,0.43453602401797936,0.480827821163709,0.5568221846175854,0.17200401083344913,0.34623226190445705,0.5673293108807097,0.6426784438289127,0.34117852333111304,0.33835210618337896,0.3607725412175429,0.33411347384165013,0.1700681762272392,0.3032944970752076,0.22705637404952927,0.1870982877891245,0.19388643150718682,0.2189022447539024,0.280694734705629,0.32008621925017533,0.15635472003562834,0.283502635992587,0.15464524494919082,0.253738708477509,-0.15957534749924096,-0.21227592441005733,-0.012771188809459016,0.1903101724144473,0.16761296795995267,0.2812789494389885,0.4126001269117388,0.3040200495026992,0.12013265905953399,0.1478061161869343
Rolandic_Oper_L,0.614353495604,0.6309683890235839,0.5769114970175971,0.49983940077887773,0.3167546240619396,0.13403896972210458,0.622361947886429,0.522921684567582,0.34963079597568486,0.17118278304870418,0.6760032149675649,0.6526647935162073,0.5594462550269075,0.6242016760203483,0.43823551783312736,0.30779882362877253,0.0,0.8541156171640351,0.5930689718076547,0.5305691988357969,-0.1579250108143292,0.11298269436652496,0.5524170250497231,0.4138085410748672,0.4196166553053664,0.34839677265203917,0.14267492510800722,0.07553927862885669,0.8325357522803225,0.8134649975596385,0.6195932934580913,0.6072812923582647,0.6023443464145256,0.6222523039111647,0.39271937451548883,0.28698835198984585,0.36418356475060665,0.41456300566362664,0.25842699095735966,0.2900171409131218,0.2644847894270742,0.24233737728828986,0.6684590745605636,0.7079126589949335,0.670198482646219,0.6511151439638055,0.6788710219816573,0.6739298999616428,0.6047323688920198,0.5967597965047616,0.5155738382136166,0.5449343430743531,0.5808397360101817,0.2883137898489617,0.4848996064408493,0.41773306986708336,0.6896627472041937,0.6665316039731491,0.50840679757737,0.4418271347872041,0.5687607507925859,0.28269658833178285,0.7704326266696181,0.7025845933739476,0.42358210450806794,0.4170165735767576,0.5437786917434491,0.5661687726541149,0.5950274321861636,0.5191177985889512,0.3364503369444985,0.585831806086913,0.7068268634387537,0.6928347838617605,0.4690407788884216,0.5474685795152866,0.34171183713187786,0.37342352074958673,0.8467495974821363,0.7380819161859166,0.8064815303797975,0.7111701263246021,0.3547023405593138,0.48127561165175337,0.6423184453044938,0.6348743015786049,0.3478673494443653,0.3546441917654078,0.27879016519737404,0.24823472481042,-0.03552532914838839,0.04747622792435563,-0.08105837259761452,-0.06633064415425395,0.3844481838825019,0.45442179951701855,0.3747123288486747,0.3533968909033214,0.1856679958649455,0.2201893823178107,0.08091046329543788,0.1298117280279906,0.18690910671770844,0.15596127995512665,0.14944929054526238,0.23579711769805428,0.12516800878502818,0.10864950988088741,0.37257481891815847,0.4038419789663267,0.18874520422064348,0.15589896228354305,0.17433177839308955,0.29983988035988596,0.46226491143319576,0.31571281340829316
