,Precentral_L,Precentral_R,Frontal_Sup_L,Frontal_Sup_R,Frontal_Sup_Orb_L,Frontal_Sup_Orb_R,Frontal_Mid_L,Frontal_Mid_R,Frontal_Mid_Orb_L,Frontal_Mid_Orb_R,Frontal_Inf_Oper_L,Frontal_Inf_Oper_R,Frontal_Inf_Tri_L,Frontal_Inf_Tri_R,Frontal_Inf_Orb_L,Frontal_Inf_Orb_R,Rolandic_Oper_L,Rolandic_Oper_R,Supp_Motor_Area_L,Supp_Motor_Area_R,Olfactory_L,Olfactory_R,Frontal_Sup_Medial_L,Frontal_Sup_Medial_R,Frontal_Med_Orb_L,Frontal_Med_Orb_R,Rectus_L,Rectus_R,Insula_L,Insula_R,Cingulum_Ant_L,Cingulum_Ant_R,Cingulum_Mid_L,Cingulum_Mid_R,Cingulum_Post_L,Cingulum_Post_R,Hippocampus_L,Hippocampus_R,ParaHippocampal_L,ParaHippocampal_R,Amygdala_L,Amygdala_R,Calcarine_L,Calcarine_R,Cuneus_L,Cuneus_R,Lingual_L,Lingual_R,Occipital_Sup_L,Occipital_Sup_R,Occipital_Mid_L,Occipital_Mid_R,Occipital_Inf_L,Occipital_Inf_R,Fusiform_L,Fusiform_R,Postcentral_L,Postcentral_R,Parietal_Sup_L,Parietal_Sup_R,Parietal_Inf_L,Parietal_Inf_R,SupraMarginal_L,SupraMarginal_R,Angular_L,Angular_R,Precuneus_L,Precuneus_R,Paracentral_Lobule_L,Paracentral_Lobule_R,Caudate_L,Caudate_R,Putamen_L,Putamen_R,Pallidum_L,Pallidum_R,Thalamus_L,Thalamus_R,Heschl_L,Heschl_R,Temporal_Sup_L,Temporal_Sup_R,Temporal_Pole_Sup_L,Temporal_Pole_Sup_R,Temporal_Mid_L,Temporal_Mid_R,Temporal_Pole_Mid_L,Temporal_Pole_Mid_R,Temporal_Inf_L,Temporal_Inf_R,Cerebelum_Crus1_L,Cerebelum_Crus1_R,Cerebelum_Crus2_L,Cerebelum_Crus2_R,Cerebelum_3_L,Cerebelum_3_R,Cerebelum_4_5_L,Cerebelum_4_5_R,Cerebelum_6_L,Cerebelum_6_R,Cerebelum_7b_L,Cerebelum_7b_R,Cerebelum_8_L,Cerebelum_8_R,Cerebelum_9_L,Cerebelum_9_R,Cerebelum_10_L,Cerebelum_10_R,Vermis_1_2,Vermis_3,Vermis_4_5,Vermis_6,Vermis_7,Vermis_8,Vermis_9,Vermis_10
Precentral_L,0.0,0.6406678810288529,0.5327791777647846,0.31595379734381296,0.24489179240990402,0.035462443639643966,0.4931180971465604,0.15071478047415976,0.17054804215272418,0.028282662079610707,0.36454328081018367,0.16410166446911129,0.5566454206280306,0.12755181402655097,0.38586176707134245,0.17495317415345155,0.2115382867629312,0.4449195725545479,0.670667810034227,0.5639417621234614,0.03445638658635967,0.09842025684181893,0.25079674905306815,0.09280872968498562,0.35000315797463466,0.13442397383734095,0.10814867275485619,0.0003969680700076114,0.33670974478884996,0.23346761430502633,0.23561361958464977,0.0757663466474664,0.5403690407777355,0.3677293492798365,0.09283309506042856,-0.0165259642974107,0.3337760938141248,0.2697455545116464,0.2977748007093945,0.224214003415599,0.3202882187040229,0.3634050046114536,0.06428382065738703,-0.016776083330959195,0.11635932093099308,0.1849968263325213,0.3555157211971935,0.3641883639645757,0.07753469854482205,0.347388715700448,0.2099859052602473,0.36113751818559015,0.17848843602375403,0.18991807732658914,0.34784072308245406,0.2505518721438101,0.6945986658848198,0.6602850856449198,0.4486995733638748,0.34735679833232597,0.5653298176383383,0.08018393408742855,0.5952131080586435,0.35506679250942147,0.32013267132539974,0.027214058360193874,0.28570754420429323,-0.05539682678573676,0.6267291502998895,0.4961101056408035,0.01134347111874587,0.14179989147674255,0.2112801885246544,0.28947202109906645,0.1260983307616836,0.20977961846284077,0.47844735684083195,0.4116457104443083,-0.046301452454648354,0.315514092410229,0.3645821558785357,0.49176183591755057,0.3916302623245682,0.48939263476482936,0.4502465843814853,0.29665542615170115,0.35249002387411354,0.4106250462807665,0.32812362500124936,0.1865787292816271,0.04306914620715037,0.14512588154080644,0.06893595961649585,0.17250797012055671,0.12502667399208758,0.006925739777337703,0.214049277933841,0.10709278478042095,0.17715614804457117,0.3007033157281044,0.2258798980172565,0.2265804880066728,0.3261146757669311,0.25872906549413005,0.1811655331132874,0.2524177405275182,0.04292701951139672,0.09790064680489705,-0.35777112453391796,-0.014312317395556521,-0.1351651328641336,-0.10907126855703035,0.16458101789162805,0.17112851921319766,0.15134862163892696,-0.0009811693995465797
Precentral_R,0.6406678810288529,0.0,0.4900412724463429,0.2556438967600405,0.21960538809362784,-0.004960904169797973,0.33792620458793127,-0.04317174850340558,0.10647156656928561,-0.02889189193026707,0.4154451868076911,0.2564026084914661,0.4523740121524623,0.20553287656390218,0.31752479834822295,0.09605213895953876,0.2743611211581159,0.524943337841412,0.6263188247772683,0.5271243702677485,0.09644129008526316,0.20512110456007218,0.09570588494033748,0.021864439771969377,0.17718149036111622,0.07785651746573097,0.1262227050527781,-0.019742713373960153,0.49614086156950954,0.2987395755949348,0.20857207121202434,0.03187675366112947,0.3233471077714303,0.2714946187518538,-0.1424098581719808,-0.18526874491385673,0.34642636782990976,0.19998191600645568,0.15810513864807083,0.2556845799430877,0.3342927557650815,0.3975749504427103,-0.08060981825073185,-0.07648615951712748,-0.12014275388884635,0.08917342671035407,0.18417672320644868,0.09816835663329265,-0.07508687862570178,0.2940160140676554,0.0681257488380136,0.3760403426021668,0.07420491157558001,0.22985648391139818,0.24097848953777415,0.20516847488173243,0.5751495586547448,0.685167310905442,0.26814625118871555,0.1886863764239025,0.23045450638257517,-0.16940182818950159,0.47708278609526444,0.3392882647547844,-0.04587333777166167,-0.29283080586191346,-0.07348493171598959,-0.2715016082556315,0.49105712045300853,0.32034332230587687,0.1454400713315345,0.20255369122164152,0.33457787720714194,0.41451464444885333,0.21087503168516547,0.2904649434872545,0.514394713100265,0.45954777205766795,0.12994785696130784,0.41340523815974917,0.5031689897697994,0.5509158050149681,0.3394239320762975,0.4778475950796996,0.3543516719708421,0.1714534216314423,0.2363578379182795,0.34377903576915586,0.2251277747004175,0.14406207255697753,-0.09910761741254095,-0.14386410160017452,-0.031030895554104113,0.0785562661089987,0.14328827906277056,-0.0015212369318884965,0.08697014471686874,0.1665788363416634,0.07339174888816703,0.07519214208491501,0.15259234566337784,0.13764740192881983,0.3440997038162558,0.24235325345932307,0.08879424568459131,0.1354880217455834,-0.0972225070323335,0.09329459321429917,-0.3947187807189007,0.09581310189286152,-0.015482596213101874,-0.09863992517721581,0.07612759986601728,0.1355050879319634,0.07687937599290712,0.231606851958612
Frontal_Sup_L,0.5327791777647846,0.4900412724463429,0.0,0.525415354632185,0.23783317550567404,0.07728548964618695,0.6201949210187766,0.22275405435947582,0.3437020543232411,0.16310109865317612,0.29965874727864533,0.17296904246188238,0.5347734206697845,0.2950957882906676,0.348252658195055,0.2877594640962591,-0.17105460896383148,0.06866723722903618,0.28964535274979036,0.20908010148682935,0.20845555889374262,0.15347554409329456,0.5128572459781703,0.3618525919716902,0.38843546124396006,0.25668124763924355,0.04594241459773468,0.049936007638594924,0.1689677928503048,-0.05892743743148396,0.3369877654372034,0.25410762388421565,0.15194706846583617,0.17754569610456397,0.128859964692711,0.020546732922352623,0.3394855276699428,0.1852976259646133,0.3123283710174093,0.3594814546247201,0.3258669047756094,0.40311831235130596,-0.02051003929132818,-0.042037336534351585,-0.020009867444069823,0.04279273416695502,0.19335623412775516,0.07157357591430892,-0.19923887665073883,0.05357001327265848,0.13134646861784088,0.17586564455873543,0.16590873637758255,0.19013283707044937,0.2978425567927438,0.2213187457855961,0.22470235811923564,0.34957261010547774,0.12790353585310787,0.2284575474441454,0.3428523221166671,-0.06591752033334126,0.142765564544987,0.12434880040373328,0.3355253880627745,0.12813683071523466,0.22706159840764015,-0.05965695228919357,0.13009024538804792,0.08632381610095556,0.2823425931788746,0.3500446740159665,0.39226619181558986,0.36961066572474865,0.24545358042293425,0.30726980712850643,0.28163926513838683,0.2700762681993337,-0.09938292046250097,0.16768946201093698,0.1746666172271322,0.24347145338207718,0.28935761748979977,0.32622643178745175,0.36875449479821176,0.24598546792077053,0.40055933163786184,0.4955282055922654,0.33608836364357364,0.20902453594836096,0.042385699137329876,0.11431960364567813,0.11926974151920904,0.29263934620629184,0.20433089945194205,-0.08873452381665066,0.05663934131338265,0.11459156343627339,0.07709848924985162,0.17233513554736854,0.13441396829664876,0.2431925409727079,0.2515392816608254,0.17438550077229628,0.09888427904144916,0.19278022439269188,-0.03352929003055816,0.09444119499865808,-0.318841567449746,0.1372451285601018,-0.010437783817892485,0.03557929545903519,0.07934060374503442,0.11216152328117544,0.17810357315126266,0.11233963708591375
Frontal_Sup_R,0.31595379734381296,0.2556438967600405,0.525415354632185,0.0,0.19034713541402373,0.31866728769420577,0.47917464221906864,0.6584027619542021,0.3665997822787597,0.41508146999510115,-0.07864526336927152,0.17248030728959096,0.1486004456608964,0.29301275100767676,0.18863165158938122,0.4080795159712621,-0.17227495777559307,0.04161351865772102,0.15015112656624552,0.14536393614914325,0.18525044733674073,0.0341443533012673,0.42277427403078643,0.4801599320255349,0.35157161388995395,0.24208821200302888,-0.024970084500070242,-0.03230545633771383,0.12976841563583366,0.054521649173078175,0.391458643024545,0.5359895582106972,0.2888194949247267,0.4537751875762451,0.28324051306431797,0.2378923857361555,0.27940627718831745,0.17133519936222436,0.3392833188260011,0.3727922287578714,0.18000069320395987,0.27337674270922535,0.25208770858063984,0.2288455326334542,0.26136097785576795,0.23693084605287096,0.34760204587314886,0.28593688360062575,0.05321924573913291,0.07219929213542235,0.2833752873516683,0.15775491385127305,0.2539610733265658,0.2877917342247181,0.38042390926954717,0.44135188887230253,0.1774780880021106,0.2016646634070161,0.13565132044568323,0.42921474779780666,0.21569850382620467,0.33635150642067024,0.10062889627570595,0.31796985709672754,0.3985701470017246,0.5544138461707491,0.4723223400825126,0.3956807614381702,0.08131205611079788,0.21964593118082368,0.10483219770061278,0.2623999718187778,0.23227469491164193,0.251709423448613,0.2614958128155214,0.20812805652112845,0.22164963098327412,0.26210177498380965,-0.04270601347476128,0.15613887398204074,0.16725702920066962,0.17045535760491218,0.14245466044097438,0.3256223852127047,0.2800455983257482,0.4991744557340135,0.33827052403161584,0.36983106223836815,0.3513686964155091,0.36932842494742657,0.22338497324229883,0.06493999497090898,0.3442520728645825,0.3210379129179747,0.13738186381892697,-0.03128588530158423,0.23570702479586983,0.2844740501529872,0.33250319075544094,0.19037687742727705,0.3065421065194972,0.2861706037500379,0.30670620541943056,0.2624822646889042,0.19539946103199468,0.14782353472374618,-0.19018240467414171,-0.043567325315003604,-0.27390230320821096,0.10676392539471245,0.09489283733771739,0.05779648150069442,0.033538610574774114,0.16317591564070763,0.15299785547492042,0.1299435784428105
Frontal_Sup_Orb_L,0.24489179240990402,0.21960538809362784,0.23783317550567404,0.19034713541402373,0.0,0.27327219767872984,0.14807843073591737,0.16881018223942967,0.3097561894596587,0.23465562965566097,0.13866664988183147,0.09471180067266051,0.21532087389757737,0.13268544170472898,0.33756696699260214,0.2912053474334895,0.062200708633088436,0.14907392227153693,0.08868313372259355,0.0040208625725626605,0.16351862449225713,0.13336158853104133,0.2717608482386672,0.11228585167588687,0.27998902182070157,0.1987134847884145,0.3061621486453804,0.010124119960189531,0.16908221024495443,0.0900975546018454,0.23657451404064878,0.22324918165555116,0.11025457208591287,0.08401987131218738,0.10503447270545173,0.061062323022852354,0.11410782417357641,0.06641172444871514,0.32719417194846473,0.3533891116790396,0.1644286425509527,0.19321777979570368,0.14883657517199828,0.1469280760893051,0.1794256874137446,0.14861547482924303,0.25460463348059836,0.1731611491747574,0.11044214343794716,0.14680232601105905,0.15380234787763292,0.10065805579803334,0.10341216060947508,0.24055586363967976,0.2953266907811188,0.2696744529635259,0.10244538140672095,0.16487495942410024,-0.013329078736643782,0.059912986743228876,0.04447937785271335,0.01469657271460082,0.21591578042405654,0.06610366387555745,0.16646433542699177,0.11500707158343004,0.18530224433792195,0.057340386089590994,0.09752880150882173,0.16174670485454967,0.12346491489298543,0.23888973169311264,0.20551238162468027,0.13910089830056652,0.15306320947872273,0.13545545736246245,0.21494038867781737,0.185361146414653,0.044101914054988645,0.1422376650054515,0.21251149946614278,0.2383224411554415,0.25222800842400706,0.28539529389165685,0.33475646222944627,0.26440262840136736,0.2818415037786029,0.34819156896634523,0.26931059187748535,0.20606437448539197,0.18058745019858966,0.1860383376769563,0.26833032012263114,0.30219303479457665,0.24503840887493197,0.1679095323573663,0.3014965640814332,0.3147782503027308,0.2083584236513585,0.21943415890865917,0.21044190725078982,0.23207330867943116,0.2845626273055189,0.2644689078844463,0.1527475831576774,0.1721033676839259,0.005465071971124177,0.06525601434362184,-0.16640602743556454,0.13555338980434226,0.16238037387457635,0.18634879596864692,0.3101599375951857,0.2176180198739592,0.2849918675968266,0.1019583752271843
Frontal_Sup_Orb_R,0.035462443639643966,-0.004960904169797973,0.07728548964618695,0.31866728769420577,0.27327219767872984,0.0,0.07730476676627929,0.39826767405626323,0.5525706116960629,0.6356513825297433,-0.09138015817075903,0.07054167993252682,-0.028363202167170032,0.16802224548066447,0.32883420220249066,0.5909626827481397,0.049528465129314164,0.04969035673160547,-0.06486845006036325,-0.17371254967987013,0.44557002503903026,0.007974227945536068,0.30225110412663825,0.25968332428421326,0.16546315708591688,0.13443020097725902,0.10504222973284037,0.1482821886113277,0.06643066634324354,0.19314557036499647,0.2508757763514274,0.3733433697390009,-0.005591362119805632,0.1456947680228903,0.1305686327960347,0.11490123606076913,0.0010587220154071072,-0.03507602992792323,0.31572699041097996,0.40069881714362027,-0.11359799330382594,0.1084658866144949,0.3121028683347628,0.2534948636768764,0.19044464520190024,0.11883406486818081,0.29443868165395864,0.2532608727925506,0.21514863075083177,0.009963042339500251,0.17415378526577488,-0.05747287543275658,0.30720805471240525,0.450181147433901,0.38220197838094544,0.5088399783267241,-0.13525026747703284,-0.10022627883102563,-0.20185672416683406,0.017470918393224434,-0.19521951216586372,0.1906317399081086,0.011446308031423493,0.06540457064059908,0.13395880392404932,0.23988455541923792,0.18001627727296723,0.23513433425955554,-0.03131182203599763,0.16651729474595178,0.20563037499833706,0.3485426979065249,0.21783854025419253,0.13885896603681766,0.30768382080484513,0.08812395529166883,0.04457628147955419,0.05568079013466256,0.06747931591156671,0.10334083047932872,0.18283963971346032,0.1061898631803158,0.0929696192714887,0.3377476007457372,0.2783206248962024,0.41798084525126267,0.28534483047791515,0.23751326678313514,0.42699448497349546,0.48035528077542167,0.44995168877767877,0.27246829859628946,0.4740191577728529,0.4453445497232168,0.15082222256108593,0.20705581025256134,0.28842749070554485,0.4123669738813932,0.36884715061275514,0.23088897270974798,0.36150457509024425,0.36198253122771024,0.2530949116570988,0.290015157216966,0.05974782077074609,0.032214848881951585,-0.21090688511629754,-0.17009836160046363,-0.04222497909425297,0.042373840679825456,0.2094796529612426,0.2715146382176598,0.34388920972823644,0.2263640442799098,0.16786196068617526,0.21332723118242278
Frontal_Mid_L,0.4931180971465604,0.33792620458793127,0.6201949210187766,0.47917464221906864,0.14807843073591737,0.07730476676627929,0.0,0.42054749037319317,0.3587149028030828,0.19516833340097983,0.2944741292997805,0.16724224710335997,0.538248751843386,0.3252304121641863,0.3240095519196888,0.26332668772391504,-0.1204723890835153,0.12107522476128199,0.3186138829595094,0.269951486065238,0.13607312255571646,0.09718663503673464,0.4135818977640066,0.2743770006233311,0.20240427199513414,0.11621751617382123,-0.07184422376977617,0.09182244532971497,0.2933310170016414,0.05206223581267664,0.4372201109497358,0.26577335980001193,0.36563194909144753,0.33940836438011884,0.14195597732887905,0.032656632314780255,0.2528657032699624,0.09895557938242701,0.19586113293168156,0.2873155093521248,0.2058481613017649,0.29236124039113803,-0.03218593340835232,-0.062478714655203736,0.05903268886457772,0.10299275735749527,0.14519030037532413,0.11949926193316526,0.002068567932369985,0.09804292222420521,0.16093870610981745,0.2311485499303342,0.041454604706270576,0.10048121200459746,0.287805497732725,0.2543042676123851,0.17125650251760746,0.3020524631912699,0.2348839652847219,0.23871362227200368,0.4963571916152157,0.21765090390814204,0.26641229513801473,0.3616224603557691,0.36833903111917066,0.25671275620074213,0.30847493137818066,0.13182665945335206,0.14709765820882917,0.15523164667447265,0.25868552300301506,0.3069630210182467,0.3506050066656999,0.37551805144605355,0.15868783833292494,0.2121801947310606,0.3755116203197837,0.40217363467957457,0.001595308762558527,0.23937562550861327,0.17538624262413396,0.28068009768842006,0.16929780175460857,0.2606427411555432,0.2692089666376721,0.39324792054232693,0.18511474487949314,0.26929425243125843,0.3191380432203662,0.2579675470303955,0.0966014599138,0.08135153884608291,0.06669213472094732,0.17497421970827834,0.15105560705413323,-0.020155527685459976,0.19191218289753031,0.1481949377350219,0.2520973779741632,0.2607991760168339,0.21367264904891115,0.2365567135758907,0.287476420835737,0.21429695211725597,0.15135504179778658,0.16931203311318518,-0.03213539118596966,-0.01607382277562468,-0.31414882876287487,0.16581103415322934,0.056316138588277755,-0.05815637751862791,0.011592600589515637,0.04166628669153385,0.03139097498065253,0.1001321082139126
Frontal_Mid_R,0.15071478047415976,-0.04317174850340558,0.22275405435947582,0.6584027619542021,0.16881018223942967,0.39826767405626323,0.42054749037319317,0.0,0.40816111589262094,0.4965889770329527,-0.07761580488617953,0.1979617749754689,0.10748769939290481,0.3556351118873834,0.2513573531205371,0.4625658984601053,-0.11924790774601558,-0.0029575552896837346,-0.007275969601047278,-0.01276033896095847,0.1638720523666926,-0.07109998923634545,0.48300350553182925,0.455281621432258,0.2573788790689883,0.2055109957541407,-0.05169369145629597,-0.10781299411837328,0.12979736408612566,0.17965005193892863,0.43879837391839993,0.5711970397440382,0.3223491570592169,0.5449350241610539,0.44742952379259293,0.3736412826778566,0.1093785028080548,0.04662909120411979,0.2560885954890424,0.2796473536075631,0.07223803822470283,0.14088373543549942,0.40332846266094835,0.3453586906022763,0.35017389387131537,0.2826826615940522,0.41543807427044893,0.3604478540355904,0.2666225163359626,0.014465254432481199,0.3322669171247447,0.06841129492781593,0.3736955415834606,0.3159822578509782,0.36148749413065195,0.4268325750226617,-0.03638284961714015,-0.1273126952864755,-0.02330482331770253,0.1597138352931858,0.12822786285845514,0.516222765637489,0.08448893622934898,0.40778683103044144,0.4616835413837614,0.6176173232588755,0.4627623663697448,0.5347910352179641,-0.1151905313397945,0.09370109437097417,0.09245091389981361,0.2930527208054686,0.20321436786539765,0.14868903673699685,0.2613804197345366,0.15809546907178304,0.2426610005513368,0.280174120992498,0.06231036503930003,0.18787041228949528,0.11724945772351232,0.12511359109544812,0.06161326601366928,0.23486243427071823,0.30347970243375993,0.5911220174657905,0.2649954044410542,0.21791798365256965,0.3290212126553624,0.37406469839636064,0.3247843224228559,0.11299807375940488,0.4183329604589246,0.3012015998940948,0.1304551889871523,0.10651550745587879,0.2899136260981991,0.2877996240944432,0.4426963183441007,0.19913015902248646,0.32828666021820196,0.2443838026267627,0.2456041403761033,0.1977620709374328,0.13744876009116389,0.03578119961591604,-0.1576190764224085,-0.17727917764582238,-0.15671906187089824,0.1163007365477058,0.20295410049114287,0.09621550466863277,0.09038590248532137,0.07994226700898503,0.09703589621067195,0.1612610650010136
Frontal_Mid_Orb_L,0.17054804215272418,0.10647156656928561,0.3437020543232411,0.3665997822787597,0.3097561894596587,0.5525706116960629,0.3587149028030828,0.40816111589262094,0.0,0.7156755277626212,0.14776385216285767,0.16594917980627602,0.27831268499313644,0.38446662867627107,0.6025419438767464,0.6938272352254834,-0.01817762484593378,0.06875531215703688,0.03505937931108287,-0.07544290868372681,0.49277513536261197,0.07814691111719543,0.43214300264308025,0.2980816582966713,0.2208801398543153,0.20256006238383822,0.10961586244104198,0.14050292291523414,0.23802636662865553,0.23788819669632322,0.4425715037372957,0.43993553789879913,-0.014239565057882387,0.13709876917945524,0.13272381747478237,0.02411380909082788,0.10286210649505415,0.05317351919392869,0.37611098037668245,0.5384596911474965,-0.016361334190148662,0.182171052258446,0.24236420291666072,0.17767820753577468,0.09155518068385426,0.07186052658291703,0.2999587018504568,0.1975891443232035,0.09978737778549628,0.03433146988204592,0.22534836870730007,0.030965902514310247,0.44195275808422163,0.5193064832852018,0.48412992108691,0.572501352474244,-0.1309731908246451,-0.0326484103247213,-0.1501391491096683,-0.032388045979481805,0.007314738490183015,0.15659023020518653,0.04504510698163646,0.109080903163368,0.18814769800350564,0.20290457644788457,0.1745226167528052,0.10661478913604891,-0.013738482346609638,0.108280422802809,0.3733737704507434,0.509198746201836,0.3531794353909117,0.3103733610210604,0.378516674455566,0.1748514164713003,0.17295563049418114,0.18914385446089682,0.08000603706268306,0.18404532684545888,0.24960504173297418,0.18250025548946663,0.23703922833997723,0.38788244177980663,0.4411308944603943,0.47370598758385835,0.40226927304357957,0.3062918546786431,0.6062942625517,0.4923290618458035,0.44702323739449645,0.30950113105879146,0.5035655089757393,0.5175105220303802,0.22251940602527986,0.1502135733629596,0.2438315420856483,0.39418986186996957,0.34544188356034383,0.2859767543324621,0.36550044354796507,0.4161110573190731,0.3327897121456224,0.2643526124042531,0.11097439517402943,0.09017476545365898,-0.1806122277427921,-0.2082472031332063,-0.12035163415911912,0.11226660700338773,0.1648567576426416,0.272688723953768,0.43193519208458764,0.18578985829936942,0.14799991180301816,0.222718067291974
Frontal_Mid_Orb_R,0.028282662079610707,-0.02889189193026707,0.16310109865317612,0.41508146999510115,0.23465562965566097,0.6356513825297433,0.19516833340097983,0.4965889770329527,0.7156755277626212,0.0,0.0032919022096302157,0.1718206534445993,0.04821275640639102,0.3420116109851556,0.45499101364677147,0.7479324320169801,-0.004247324633346761,0.02868444001230257,-0.03462754381220513,-0.09961260686240919,0.49953949363475175,0.02151167377286046,0.413917762510225,0.3933728491306855,0.22090923115796118,0.22265467360708327,0.1314833161477943,0.16392523256830327,0.19584861822331454,0.26136785150271175,0.44313747911800405,0.5132543180085194,0.0354537094109896,0.20947159764098866,0.16991069237500855,0.05687630856376594,0.0939972814195576,0.040563852292752604,0.35376490078440037,0.4668342063738318,-0.017835744114596628,0.1718492884352949,0.2837692084516126,0.20611667422475402,0.1821804392190818,0.09376587094835787,0.35297981735226674,0.20686525415034254,0.1515582993112572,-0.030907682958026747,0.24712759539380794,-0.04756500185193076,0.44358115082501626,0.4466747164179034,0.43736167765801887,0.5155986745968748,-0.13530641439712177,-0.11553934369134206,-0.16755883274663075,0.009493791170392205,-0.10134025276736516,0.25611422930184696,0.03848065072388028,0.192635781509226,0.21291199769140673,0.31507650013711314,0.18781295502546488,0.18583231464838057,-0.03495308437870701,0.13272799218873504,0.31719505373762963,0.38966261779426203,0.3054970024914944,0.22276762858590088,0.37974067328069216,0.21817150801477855,0.09347505224597531,0.11886697887591609,0.055991732548346385,0.13568281860991374,0.22012790147457356,0.13621497742477034,0.21875755220461107,0.4080630945359802,0.435496930197537,0.5615214630870501,0.4108372396309524,0.3203520851742421,0.5146368432943552,0.45879489083629177,0.4493803210299692,0.24476533775382536,0.5518604407251051,0.44964973784341683,0.2154111204336741,0.17764867880704266,0.2872320019555451,0.4010952612464189,0.39403524687717967,0.20673487433686963,0.38503908800925307,0.34293666173277754,0.31257266392268995,0.2616537026988979,0.11228237221769359,0.05534322868164897,-0.1939464105028408,-0.17198694343125875,-0.12443777546288998,0.05485123368612154,0.1775809303538164,0.2996043936200688,0.340472036738565,0.17945333529216845,0.15611777033827431,0.1731671402727953
Frontal_Inf_Oper_L,0.36454328081018367,0.4154451868076911,0.29965874727864533,-0.07864526336927152,0.13866664988183147,-0.09138015817075903,0.2944741292997805,-0.07761580488617953,0.14776385216285767,0.0032919022096302157,0.0,0.5950866172919628,0.726978924572112,0.5332567160230477,0.45381722927516516,0.05627742461149805,0.35248300224303514,0.4345352494987774,0.2108408945728992,0.1672565763237272,0.043312561489266176,0.10147647865081834,0.27456264012300546,0.15356963445585745,0.17898290327488808,-0.0064507228054367875,0.050835550284605534,-0.0418623938622943,0.5185104636175498,0.1829366678231381,0.34937483286938525,0.11267037016333717,0.18205931740195927,0.07997064017398453,-0.16358283288429235,-0.22137057469087376,0.19091353287686033,0.1333819762711032,-0.008260959161918196,0.07676126723740433,0.3573092123078542,0.36172062833293467,0.00019619966279730623,0.028135425991543495,-0.08545035501642041,-0.02966613332344914,0.02951419737244034,0.03708030421215234,-0.18300057070369113,0.10967596484958267,0.03563936953985889,0.23952252898810836,0.0238852544191451,0.0993540922505455,-0.006185564724427626,-0.083304327482991,0.2869215979389477,0.28972197506893904,-0.09636960391601246,-0.19626596038613697,0.18739820506673682,-0.19312286008043356,0.43459813941754555,0.1312444068571438,-0.11421521000842932,-0.2860310373664654,-0.2660479097710115,-0.40318265287951127,0.1028886519940554,-0.0469642461012363,0.45267001161299136,0.39802587100883735,0.4526663293597377,0.4942590057066683,0.2612063635410259,0.3778233488246629,0.4479666838009792,0.34546170605207527,0.34746593122297015,0.4358526162859907,0.5276834255359029,0.5369514256615764,0.06824021364264898,0.17788874030629342,0.43844554287669657,0.15524734311157976,0.11168787099347957,0.15723664058048487,0.07134818786936517,-0.03921287403159039,-0.24338738082590794,-0.2919739601935687,-0.2860133500333631,-0.18578759511839807,0.08257125029549368,0.04060740586665508,-0.09688246273122293,-0.05017858854299359,-0.16057746244310456,-0.1246028501377652,-0.12031857537997628,-0.1170309034013355,-0.029747216338045977,-0.10130158293614891,-0.1596739869866063,-0.07458925883900232,-0.007040446257401262,0.06013459476529878,-0.24175778706489282,0.012686414354780963,-0.03300201550532399,-0.20402226248144797,-0.10499073906474314,-0.18831557625321083,-0.12279511459615096,0.16199867056184403
Frontal_Inf_Oper_R,0.16410166446911129,0.2564026084914661,0.17296904246188238,0.17248030728959096,0.09471180067266051,0.07054167993252682,0.16724224710335997,0.1979617749754689,0.16594917980627602,0.1718206534445993,0.5950866172919628,0.0,0.47473629960662217,0.69539059924355,0.3244921995200798,0.210177110951426,0.25548123828206176,0.32517401543268415,-0.01383435852329285,0.038358865577405775,0.15468779417278755,0.15040696158007502,0.3830992974280802,0.39186942433524097,0.18831939277906234,0.08768108599423215,-0.05780053223204798,-0.09664698772240224,0.41479536748897605,0.12199641344499837,0.38422198409528274,0.35800079469884266,0.08245210216540987,0.15753816512609098,-0.0539861037470087,-0.07498175452452634,0.2541185640100832,0.22637671891732342,0.06142800122276342,0.08346100135785253,0.299492997127356,0.30868541817582373,0.18997919121108245,0.2235712145361876,0.08655669593716747,0.07919345409556408,0.1654283109623962,0.1809449005789207,-0.05536196772398346,0.08952663524733603,0.19677309667484036,0.23143551304556875,0.13948985329686425,0.16514872778373813,0.06805144677068577,0.03818247527246274,0.1479234033042136,0.0683678901701264,-0.1600990157734854,-0.19592337583750905,0.02594361199120763,-0.04185563340531323,0.28115512616353255,0.15784510241662006,-0.05628698271690959,-0.07683417598907684,-0.1676081672707001,-0.2021258073526125,-0.061916795494888766,-0.13616315101058965,0.41178747033598123,0.42257002640088964,0.3645213997381178,0.4318098724654627,0.26541207201853234,0.34082977968568196,0.3717348112412821,0.30510464652134345,0.26453016363595283,0.3472822262846987,0.4548364923491247,0.45391672526434645,0.029976121147032922,0.14793158152418584,0.4196389451468317,0.30238922582387007,0.11862898370697776,0.17933241345749432,0.07157459268264363,0.03405135529964263,-0.12393178634797551,-0.26023111403104676,-0.10910893037331205,-0.1231206093200828,0.14483648887266587,0.07353077230083202,0.033843386001375764,0.004455824633370544,-0.02797624209553784,-0.1157142617140896,-0.02777471237059425,-0.11662745158501397,-0.03591667316945588,-0.09566406753430236,-0.10472287440954935,-0.11499871508029576,-0.10481933943923169,-0.04451528654933326,-0.26677526950302854,0.043804555262098116,0.04549955247674723,-0.10716243975721966,-0.0943685199956519,-0.16428633160383901,-0.08555822142890744,0.16957275339265315
Frontal_Inf_Tri_L,0.5566454206280306,0.4523740121524623,0.5347734206697845,0.1486004456608964,0.21532087389757737,-0.028363202167170032,0.538248751843386,0.10748769939290481,0.27831268499313644,0.04821275640639102,0.726978924572112,0.47473629960662217,0.0,0.5167752062936373,0.5526520694770155,0.1718708885598264,0.23862948043518883,0.387928307752467,0.28383901595539174,0.2545813797020749,0.10993383795735442,0.22849713418244624,0.4023419863472098,0.178681082149712,0.3628970335649061,0.10800692188289447,0.0605782884505064,0.00864049428986307,0.4319751711155832,0.18399065646239163,0.4070364964989555,0.18966814425480572,0.27278283714707485,0.18131742808622997,0.03560090084338661,-0.08915591561949059,0.3824090473269278,0.28583323048665754,0.18181497169350125,0.24807308931493458,0.41043451044200163,0.41325941067432054,0.02157209030911985,-0.0008229970917596936,-0.030565674753614245,0.005213638999418961,0.17127270648824597,0.14416507711059895,-0.14952572915342457,0.13755542602059143,0.11440755226712114,0.2554681585153007,0.11220853068597587,0.1407425934610925,0.2068286541447482,0.09179184210715653,0.3450913680831242,0.3597511557542525,0.12232662316442257,0.030050708658835856,0.42921005211714525,-0.07167361720152761,0.43051642690196457,0.15725348521306548,0.1240486247168479,-0.10828520425166427,0.03147695741277433,-0.24612320691505044,0.1595098997288418,0.023947213132896796,0.37927253426634217,0.3956112581412949,0.4674361640971858,0.4884255873773075,0.2117854959045619,0.3284425913410878,0.5425636001864883,0.41450001738073194,0.22004006886659858,0.4360058383471531,0.4751373558732712,0.5529911272601454,0.2790943469868701,0.33275800192755667,0.4774473919054221,0.23111873731432578,0.29385942263412596,0.29623728008927414,0.25770983345105436,0.07148746240250974,-0.14729069479266654,-0.020130081332024725,-0.10742282496203563,0.03395211148939145,0.11252437907290076,-0.013503563602961234,0.050647217636071475,0.04625958791228092,0.00861711612051446,0.10736189513037907,0.009184733791923385,0.0474922661144026,0.1461140550320413,0.012727917915154529,-0.024317374681194753,0.03594452689690634,-0.0070717340732995935,0.1012657103325101,-0.3490596213162614,0.023895041650397107,-0.02564855900573641,-0.12822655329621951,0.010686681599461241,-0.1076070857493996,-0.003384896176128385,0.05880048559449647
Frontal_Inf_Tri_R,0.12755181402655097,0.20553287656390218,0.2950957882906676,0.29301275100767676,0.13268544170472898,0.16802224548066447,0.3252304121641863,0.3556351118873834,0.38446662867627107,0.3420116109851556,0.5332567160230477,0.69539059924355,0.5167752062936373,0.0,0.4955269271223548,0.43990292905074435,0.11347365251315011,0.2184887359805541,-0.04502434855813668,-0.013891019544923416,0.2618570580193715,0.13911509857857188,0.505295185712748,0.5294728267435281,0.30763484320126144,0.168959077744849,0.03277820431466278,-0.031283743078466056,0.3903205517164584,0.20443499180499244,0.4682366943146599,0.5090851344308,0.038755140840224835,0.167852893985883,0.10595548505499014,0.09586918490375877,0.3070778223899522,0.2510272403264698,0.14460770808850468,0.275554909517357,0.2725150963892411,0.31113075254222095,0.2071444278845084,0.19604116466505336,0.012243762823121866,-0.04699203162796632,0.2196814764143048,0.09995678187588568,-0.17849480917326396,-0.11839723935179439,0.10970579464999096,0.05858818209897726,0.25793444836267737,0.22828798936826758,0.18516257463730906,0.19045995990247563,-0.0011151074935043734,-0.05494005676359536,-0.24622187108332297,-0.20456928597042712,-0.050783554581966,-0.02820010428284129,0.13183336139653054,0.13979418817001113,0.015622476350952349,0.07474691626933276,-0.04784612983942873,-0.07683558070511315,-0.1476863118423777,-0.15181338549981183,0.4661228087753505,0.5591553686574902,0.49164855620197845,0.5344012542221254,0.40982075400810775,0.4293820513661966,0.4033672205847362,0.3482081681673962,0.3735411524668989,0.43029147748895785,0.46965995077363837,0.444330773464219,0.11323549226798646,0.1892853752349943,0.4783587613461058,0.39931840421664966,0.2378801904743371,0.19913814348870287,0.23479950919536594,0.12160237038044845,-0.0348808602338482,-0.1777802199884222,0.008517081008385401,-0.022280439631494137,0.12451831843259883,0.058554959798424414,0.08390349288206012,0.16661474786073152,0.0397598897636677,-0.05385998933162701,0.023272412748122993,-0.04252212742224272,0.03907413592400892,-0.052922704890477394,-0.19418593627094033,-0.10179780690760137,-0.17879918552706647,-0.06558904339877578,-0.2758892900735351,0.038226967454614284,0.18839124550856193,-0.056585849541664755,-0.06738892681072815,-0.19106793398054364,-0.07845957242968092,0.21444499109103896
Frontal_Inf_Orb_L,0.38586176707134245,0.31752479834822295,0.348252658195055,0.18863165158938122,0.33756696699260214,0.32883420220249066,0.3240095519196888,0.2513573531205371,0.6025419438767464,0.45499101364677147,0.45381722927516516,0.3244921995200798,0.5526520694770155,0.4955269271223548,0.0,0.6238905596797886,0.26302247964035763,0.35752936452217515,0.24490356626998167,0.1783049795081507,0.4164109270208734,0.2909170698716719,0.49795813772509945,0.26079522341523914,0.4489973167122012,0.2282255552741507,0.18561113887711833,0.12680918278716502,0.4858091558493304,0.4783647051586936,0.5310905094286491,0.3821090413336468,0.2093907639661754,0.24081261053798392,0.1657190851456664,0.019187186732169934,0.3486605584566224,0.2597134119482283,0.3131603109397083,0.4852943203945223,0.2821925699941904,0.34017598663182264,0.21578007199502688,0.16019113499457321,0.047502398981103894,0.07602505571583047,0.42534368742361317,0.19978661468707515,-0.026559451340595844,0.10173264192148734,0.10892002449279084,0.14018345479889413,0.3826609667643361,0.3728713733535384,0.43334183174309043,0.43815452452639814,0.19493544799738116,0.1615682986141816,-0.09125589118551741,-0.08660395004438454,0.094669022340372,-0.017968527452751463,0.3689467546512332,0.23996086490180027,0.18200915075049923,0.012771595310454268,0.06543631393142273,-0.11258487428802809,0.15877132846205422,0.13680049449487272,0.3670114582318235,0.4771344381429696,0.5153589568898054,0.46624594995270474,0.3914333840140105,0.30568185230894784,0.49791447065387573,0.39056201920599054,0.35072624720946816,0.4706388550432777,0.5804558620318386,0.5310422277093942,0.47166243720896517,0.6057875014304206,0.6485169617067286,0.490008855442163,0.5042972267221433,0.3012268620540133,0.5283634687555187,0.2794318707289106,0.12581989430509832,0.1733726932171288,0.26645374879350875,0.28241911473746356,0.2561912251181678,0.1690523626332739,0.26094760849972926,0.3642107074830962,0.22964658175659589,0.17055686501101364,0.25370682228824315,0.2154662886486334,0.32665857263129755,0.1718996107800704,0.05985997071221391,0.10970349678146617,-0.17335422795988395,-0.06259265788704585,-0.26275670013250685,0.10740655822931014,0.1551520857486336,0.07291348746787052,0.3051605791673751,0.07479070447021295,0.10738591647595899,0.24714215727839242
Frontal_Inf_Orb_R,0.17495317415345155,0.09605213895953876,0.2877594640962591,0.4080795159712621,0.2912053474334895,0.5909626827481397,0.26332668772391504,0.4625658984601053,0.6938272352254834,0.7479324320169801,0.05627742461149805,0.210177110951426,0.1718708885598264,0.43990292905074435,0.6238905596797886,0.0,-0.025792744702750028,0.05559178074396667,0.03693005294836302,-0.051494078122592435,0.581600941860628,0.2163181974589987,0.5501764142802432,0.43398814355454546,0.3857154842553939,0.3276867209244391,0.1730459894548862,0.1969749097611727,0.17834858354153546,0.3185664123152501,0.4668912743884259,0.48070178402965175,0.06131514706964396,0.2048659732823639,0.26594737993031997,0.1800678233161023,0.25934937892492216,0.17403212043787786,0.4666900979596419,0.625697048766368,0.06153246659163574,0.19191589801928494,0.25822817243503937,0.17798010625418234,0.16049555227749643,0.08858324679167785,0.46302975062167134,0.21338453531788237,0.09228343533219471,-0.028942865368547364,0.24062414246002783,-0.007438179119745968,0.4295452900694887,0.43021361791405743,0.5938997750508437,0.6232149191554875,-0.06353276868507651,-0.0643086917348318,-0.12626452535936697,0.010716587778817108,-0.06489698990842922,0.1275319735552943,0.07193248192156951,0.15749848266242275,0.29842417475648453,0.3045479276246764,0.2434115157288069,0.1485371681206307,0.01706258330559074,0.11778387023942478,0.3006251509571289,0.47554852296228467,0.36346760433781977,0.3184830243013253,0.3752923117614996,0.26619355995489125,0.20736261675742737,0.21189641807195445,0.0758440779428932,0.2497646244375334,0.2712972435779001,0.2239378748983958,0.41481671784888574,0.4851594325426977,0.5400490958245925,0.5955612978311193,0.5298678031603968,0.41710635057811307,0.6289019643631859,0.5313874548586889,0.46495505365452205,0.38199670065827823,0.5726826597163233,0.5321812842142688,0.2877541927081249,0.1269828758207695,0.36132006318546767,0.47440623497821355,0.41386267330923726,0.29717992136912824,0.4349050024617971,0.4202838287262043,0.40500780301933736,0.3457394919301158,0.1352123069630059,0.1816732635759753,-0.2160013107077424,-0.18215866183555554,-0.2033191249376105,0.1647763474316569,0.21389571928150627,0.31599233131259513,0.4363399385856212,0.2504292971368608,0.28491884300766473,0.20933264252144532
