,Precentral_L,Precentral_R,Frontal_Sup_L,Frontal_Sup_R,Frontal_Sup_Orb_L,Frontal_Sup_Orb_R,Frontal_Mid_L,Frontal_Mid_R,Frontal_Mid_Orb_L,Frontal_Mid_Orb_R,Frontal_Inf_Oper_L,Frontal_Inf_Oper_R,Frontal_Inf_Tri_L,Frontal_Inf_Tri_R,Frontal_Inf_Orb_L,Frontal_Inf_Orb_R,Rolandic_Oper_L,Rolandic_Oper_R,Supp_Motor_Area_L,Supp_Motor_Area_R,Olfactory_L,Olfactory_R,Frontal_Sup_Medial_L,Frontal_Sup_Medial_R,Frontal_Med_Orb_L,Frontal_Med_Orb_R,Rectus_L,Rectus_R,Insula_L,Insula_R,Cingulum_Ant_L,Cingulum_Ant_R,Cingulum_Mid_L,Cingulum_Mid_R,Cingulum_Post_L,Cingulum_Post_R,Hippocampus_L,Hippocampus_R,ParaHippocampal_L,ParaHippocampal_R,Amygdala_L,Amygdala_R,Calcarine_L,Calcarine_R,Cuneus_L,Cuneus_R,Lingual_L,Lingual_R,Occipital_Sup_L,Occipital_Sup_R,Occipital_Mid_L,Occipital_Mid_R,Occipital_Inf_L,Occipital_Inf_R,Fusiform_L,Fusiform_R,Postcentral_L,Postcentral_R,Parietal_Sup_L,Parietal_Sup_R,Parietal_Inf_L,Parietal_Inf_R,SupraMarginal_L,SupraMarginal_R,Angular_L,Angular_R,Precuneus_L,Precuneus_R,Paracentral_Lobule_L,Paracentral_Lobule_R,Caudate_L,Caudate_R,Putamen_L,Putamen_R,Pallidum_L,Pallidum_R,Thalamus_L,Thalamus_R,Heschl_L,Heschl_R,Temporal_Sup_L,Temporal_Sup_R,Temporal_Pole_Sup_L,Temporal_Pole_Sup_R,Temporal_Mid_L,Temporal_Mid_R,Temporal_Pole_Mid_L,Temporal_Pole_Mid_R,Temporal_Inf_L,Temporal_Inf_R,Cerebelum_Crus1_L,Cerebelum_Crus1_R,Cerebelum_Crus2_L,Cerebelum_Crus2_R,Cerebelum_3_L,Cerebelum_3_R,Cerebelum_4_5_L,Cerebelum_4_5_R,Cerebelum_6_L,Cerebelum_6_R,Cerebelum_7b_L,Cerebelum_7b_R,Cerebelum_8_L,Cerebelum_8_R,Cerebelum_9_L,Cerebelum_9_R,Cerebelum_10_L,Cerebelum_10_R,Vermis_1_2,Vermis_3,Vermis_4_5,Vermis_6,Vermis_7,Vermis_8,Vermis_9,Vermis_10
Precentral_L,0.0,0.7469516599377855,0.5154498819417032,0.46629154637808945,0.2660755638873835,0.12180223647871097,0.6368158390639295,0.5106476047060946,0.37321603813244747,0.157482018886405,0.6680721342258161,0.5622841811596306,0.6623607099760668,0.5367736869564371,0.3195933865101044,0.386406621121703,0.36856575743134934,0.3574099704543793,0.5784369124663377,0.5678887759805646,-0.02509586898068096,0.04942301259260222,0.32921142965747136,0.25303171901365573,0.18153987594921178,0.12405921854117585,0.13655391409729306,0.2316634422058167,0.3953937341184854,0.2328104484369694,0.21071300232445236,0.12281349739391523,0.5008357988405163,0.4678716304343133,0.21719708492782178,0.2570846291430749,-0.1143386240516127,-0.16916923744187035,0.13408243933468872,0.2863038265156885,-0.13158241705125107,0.26225768433793806,0.4830300634207504,0.5700702983723309,0.24760516036419564,0.468155680573529,0.4707952591716204,0.3329327760301911,0.5011928114702908,0.46766257142662854,0.6292622592347373,0.552248538027677,0.5440978889880972,0.5056535332771573,0.40830871621283144,0.46392478095014417,0.7431548163737938,0.730133128146999,0.6841030106045413,0.5453920249136428,0.7859589742057265,0.3735278465949831,0.6865850901773396,0.6087216710414664,0.4298279025459304,0.4058171019056209,0.48158945682416715,0.6103501280848778,0.29955268861972345,0.0713100103839946,0.5229049093421301,0.45704258050021096,0.5871757581445289,0.5586810535827024,0.3597471586529864,0.32127447405901305,0.5999193532917516,0.600401310793103,0.24527469660509563,0.5330098523567589,0.5115133448917821,0.5445772124412577,0.1701337843568792,0.4455411426927698,0.5254422748618541,0.49319920734345685,0.008112244683144152,0.2697287348265342,0.4832960327025622,0.3161428444129586,0.26731003287421395,0.25659400060433707,0.3511727940663998,0.3833909655008159,0.28411905213668853,0.0860703747933432,0.31474316674181013,0.37985677260298417,0.5534871860515408,0.4995727816903295,0.43760844720271996,0.38236779382783725,0.3784052633051352,0.33323881222236684,0.38999427844114976,0.46196366877176814,0.30100101690491043,0.1508499024443474,-0.013795938509188218,0.1545580240599262,-0.01919814400622272,0.24329134637446045,0.1325920405005965,0.3660371489127136,0.2526646970632838,0.3007498490408217
Precentral_R,0.7469516599377855,0.0,0.5208978819425492,0.5930752275182899,0.20482676757105364,0.22449196384896053,0.5970615680150376,0.6248442979476327,0.3297596055408509,0.27018604916978806,0.557950321650433,0.5958453753821292,0.504141103305294,0.6147373572944016,0.2745614736288346,0.4677482852220917,0.4020532173582352,0.5033804320247378,0.6848572507782519,0.7221775545560721,-0.05926026821913927,0.0157552058183596,0.37794132637166283,0.4143786303317466,0.1861879634714548,0.17948189171785653,0.20216535741818845,0.23765045134830054,0.441830554253909,0.34478114795219966,0.3254861822833188,0.22627217269092015,0.6224292849189915,0.6329177342466892,0.2608023398593398,0.25815838007524333,-0.1351101919483607,-0.1640241490915723,0.3096541389132877,0.2963037855500772,-0.19775281579306198,0.2665000200566649,0.5622910146609583,0.6870254651562396,0.4358633370535753,0.6133881701871728,0.6057443934126298,0.46925302834007265,0.6128538431822836,0.5395559260145412,0.605274551396465,0.5774225620100649,0.4625281612446193,0.5386165667827149,0.4849481743077163,0.517229573885643,0.7164623218364915,0.7620629606703628,0.48789115260455246,0.45685180359956234,0.5791704221145876,0.45262089687122714,0.5788247307413243,0.6585495799157763,0.3537683251965778,0.36793643591996406,0.41402753353537236,0.5847762134867107,0.4562812468849601,0.19024024587627883,0.541401555970581,0.5676879132492814,0.652800932857758,0.5628324849036385,0.41296814750569016,0.3425887115234641,0.6517453149252684,0.6688565362787576,0.27934587553866796,0.5774974829064987,0.5391263791446598,0.5936228274141557,0.20306018993455047,0.5271238220530335,0.4279326846406326,0.5503410800240258,-0.021716881798988025,0.3322880657050716,0.34502059720550443,0.3130531620963467,0.32622722484915173,0.25587749063619036,0.4071280385529933,0.39050247625824125,0.3757274372940596,0.2179834243603829,0.42111325501877,0.4886841144899913,0.6362843900777512,0.48948476677504316,0.47310808289577577,0.37244340249078606,0.4593288470984579,0.4218227501673163,0.3695789023419029,0.5009221281448614,0.37213063948606157,0.19374539290140627,0.07340004757598048,0.17480923318785183,-0.015709797163936282,0.36269743693078565,0.17224072912341984,0.4331581016155761,0.37089453499402136,0.355207998355855
Frontal_Sup_L,0.5154498819417032,0.5208978819425492,0.0,0.6514106447211281,0.48116920925147,0.28812260010878593,0.756202106397076,0.46924402507127094,0.5798904712274523,0.32999991488024427,0.3841727120113758,0.21623241644485333,0.50965202277402,0.40919649995405893,0.4821509708921392,0.3423343140247546,0.255471249352431,0.4230491211245045,0.5421143238984223,0.35948085401017404,-0.16520846991945926,-0.008326606950223732,0.7426780341453657,0.5764229854477405,0.3855748447162015,0.37774286082157527,0.26799335456543066,0.32822507395470607,0.21317052625145236,0.17573431401102121,0.5466726197819689,0.47690909153179073,0.42510564754248126,0.41986324641267925,0.3940913695854496,0.23642449383076686,-0.16730364439755,-0.19519261544212765,0.14804037874548084,0.3748645181411435,-0.17311579010905698,0.2904519752164579,0.4945148863233959,0.41756672654433835,0.2985826559709093,0.29177173118674654,0.28940443706260205,0.24521669210892397,0.33599294815481023,0.2742000663144927,0.34010488697071456,0.35876353810745115,0.3148396246752838,0.5377205385627151,0.21009796567358788,0.30422299028136346,0.4820720090082767,0.5367794348665111,0.42424309180756636,0.3004249293638936,0.43832384519020073,0.2794611501545322,0.3409166172791309,0.25814684940846955,0.46760451741235476,0.27710557702246374,0.4744548895930537,0.36614323732510834,0.35982436193346595,0.21512247063083229,0.5832385254492368,0.5711997835324834,0.5752226493609063,0.46893823804765694,0.20627863987423226,0.2671382251116189,0.6038974505092226,0.4942017343824355,0.032612141064656666,0.4624672278921874,0.47215192462448397,0.5700141956651353,0.10547805423852676,0.579450409836135,0.6969784985980682,0.5833636167843663,0.24980616471908304,0.47040275920161656,0.4241802925755399,0.2788277420998423,0.24864545028564894,0.4432459893207632,0.361964933800016,0.3410825732236014,0.1210232352723986,0.15290302153392074,0.24698534562197086,0.23408281614798204,0.45374171996634133,0.33340819982656433,0.3287372974515663,0.25424669874218025,0.285996572397008,0.30825100857553317,0.3855647119112945,0.38270740424776806,0.4370873371864179,0.10869316985207368,0.17051641828028508,-0.10919783273276892,-0.1773970047549781,0.22240495058207352,0.12662493753270807,0.267550278328669,0.11278063457002743,0.3003314402763637
Frontal_Sup_R,0.46629154637808945,0.5930752275182899,0.6514106447211281,0.0,0.4276234162482046,0.5180386226365356,0.7122098065743406,0.7756890956114795,0.5145893834278158,0.5347088606263681,0.3868801693834261,0.34242487134452865,0.4155397539862316,0.538934514379558,0.3636754703337233,0.5050671406585926,0.38669932595959244,0.5016265800271608,0.5283298802440402,0.5092235251439534,-0.19411804531802315,-0.001298915697846545,0.6394237820792199,0.6906202625734508,0.2793374164985831,0.39062420945154536,0.35503541533523403,0.3347624087997471,0.3462489992003925,0.2891584308825991,0.5841560907230435,0.6101161427945003,0.6313296728880433,0.6539979052686452,0.41630447960743494,0.30793035316781003,-0.1597271866543783,-0.16113579429627856,0.22249709712165183,0.37964313945111217,-0.22512199689685053,0.27317393120822786,0.6139157176336096,0.5457698905938865,0.4092804966436235,0.34993188368102235,0.50647511282332,0.3653576910128688,0.36082923889798835,0.22481064560828037,0.3338171260695447,0.2763689205987777,0.3026421476228158,0.5109062946038594,0.2913629172995215,0.4206946073051382,0.517189928325949,0.5350470249335368,0.2633618445468387,0.22138041471683886,0.3583616594373991,0.5131591198153096,0.4647023868535492,0.42565893779532943,0.3906456551407524,0.3610789243206197,0.40287555721730617,0.43612852861809526,0.37976405738581887,0.24965998584026539,0.5331938132498147,0.5955166599238313,0.6493648479425775,0.5710236425626075,0.3331822082358882,0.3115801264661619,0.7011242789186225,0.6729017076777485,0.1189751611611415,0.5135769785634764,0.5432713885521824,0.6685463353483215,0.1455272087656021,0.624301535257901,0.5680901025813896,0.7051825415419445,0.14830886419445577,0.5083206880258362,0.34195523534917655,0.3057218595471692,0.43645273561430636,0.3456803529615343,0.5083774274044336,0.3953073020285983,0.2313659174952898,0.22903148170287296,0.3588843250387526,0.3599032911245731,0.560712871235103,0.4126298533673705,0.3714648509603648,0.2759781738678168,0.35514572771720115,0.3336111999897589,0.4458805371608564,0.4463528041565523,0.41785635103300545,0.13413571729624896,0.1288766753284364,0.0015232995008314977,-0.04868102468149342,0.31883716445783866,0.13487569046086192,0.4035531402458278,0.225661141228949,0.3691147464194266
Frontal_Sup_Orb_L,0.2660755638873835,0.20482676757105364,0.48116920925147,0.4276234162482046,0.0,0.23280518402836936,0.4040097845055665,0.28644945872405486,0.5945302104323554,0.4725647285241302,0.273978684177493,0.1342521929780146,0.3217434493628721,0.2893993931577158,0.5369010166702904,0.4713368486565879,0.09056395120690756,0.1672868121298484,0.29275719755314017,0.12365252689984178,-0.1317171239344263,0.14484433599586516,0.44721434026749174,0.3575782491276046,0.2875176394518492,0.19206924809343137,0.45747850365414905,0.3735409869922773,0.16784382558504943,0.19344170233926827,0.3549219827856974,0.29356669123370827,0.11426109210956907,0.17193600130188544,0.12887426833071444,0.01262130272013344,-0.03001509231202638,-0.023911190144128118,-0.0028915815082762013,0.21069579483965992,0.07859016167278315,0.16287844179333927,0.34688728553506476,0.2783827330614623,0.06992039746983053,0.09723761806416253,0.16311934317873583,0.16776539084487146,0.16980584860950293,0.14258869338569974,0.1930541706084689,0.18234573578237476,0.26599010859307937,0.43108205525573656,0.04281094710940861,0.26351329624670417,0.18309319408623317,0.2966197281117551,0.26990688599654805,0.2360659074760573,0.24710308453681362,0.2339398071537939,0.21972962209434213,0.16821103566238713,0.20706286559142117,0.13164846910540196,0.22763487774702207,0.20085692714836884,0.13605152611155202,0.07956503177779163,0.47123152466671164,0.44377638508126976,0.3223569148369676,0.3013916419822019,0.1529481386206398,0.09678180204152256,0.34965375225325496,0.3048404242898635,0.05740025771726087,0.32109880173347727,0.40930735008674324,0.3848668083656796,0.12679196254961272,0.4396451944530585,0.5233005429771611,0.4154394573947227,0.2081250357505268,0.4034256731017034,0.3406060860716874,0.29791423451873134,0.23683549270259047,0.4113102795996789,0.27228823642343297,0.20940186736800398,0.010868945271728592,-0.023183163260822,0.06363049724113172,0.026335712706710878,0.20150227562919149,0.16426200095165064,0.3188582255256799,0.08168821894877297,0.18832291643454316,0.2099446175784745,0.26436538422156564,0.1693403197678855,0.3183474907463019,0.24374874779894226,-0.10314382736322845,-0.03524078186921123,-0.12973047074416974,0.08000878289521852,0.006172887575517035,0.16154855609026317,-0.08185688950502308,0.09138785814694311
Frontal_Sup_Orb_R,0.12180223647871097,0.22449196384896053,0.28812260010878593,0.5180386226365356,0.23280518402836936,0.0,0.32382756826117304,0.425034320616979,0.43098243781834494,0.5809118993439973,0.184493062804874,0.18668992989229705,0.12378548372845065,0.3623487466400966,0.16305849685641474,0.3324076343539651,0.30921764118517187,0.2684118378452366,0.2808562592118496,0.16462842894646834,-0.037922795297288064,-0.1081472586590077,0.40788819088873896,0.47976392900092235,0.3299060169260469,0.45261690675447475,0.32092080084200986,0.34866606031221786,0.10821088120196914,0.20746863510608535,0.32307170381611366,0.3749190814854264,0.3688840149892025,0.41534621447754866,0.32832752319087855,0.28830579645376175,-0.12474313409456826,-0.1463624666562162,0.17308944084797998,0.16995730924600239,-0.12248100110434441,0.17945513287555456,0.3538502844590791,0.2883847583575166,0.3413006828597805,0.15710530397147052,0.18218243553134708,0.12120644351905184,0.2094838498290628,0.0839484001844771,0.017506055341649653,0.05847220991226541,0.046557604617241906,0.2230865436962056,0.03657087865777555,0.07829290715859263,0.3067279509576089,0.2139323871524215,0.01102528894269571,0.13579377349225183,0.04787456198944161,0.38557386943846433,0.27865271340822156,0.2663291973079255,0.26193353081475834,0.3242647802184507,0.37490063786057176,0.29542547730418806,0.37602903212027744,0.3500851420674532,0.2546218237183506,0.30396719284323137,0.3360664314275128,0.299399756808014,0.18692456037486366,0.34066929087793324,0.4381589200229929,0.42361925983449045,0.06882046556796746,0.3343781167059982,0.3135136604333948,0.47218151292145627,0.21234341890673655,0.45577305522022693,0.30916132761142273,0.5191375480489491,0.17350664024443274,0.3687581781279836,0.03907853419335328,0.0685783645171169,0.3557486022492725,0.31465009594844273,0.24756097590224266,0.09655242427370615,0.12588635708596532,0.19758664945607612,0.2913414646054012,0.2597789707937667,0.3323283342896843,0.3366206783790833,0.2506173730134643,0.1343822733448641,0.26088947795529494,0.2894108581787801,0.23605967034444367,0.22327372356148104,0.26801722337557765,0.14763334429420125,0.2024877111644406,-0.003651927378269518,0.016267273843857556,0.20892431592763105,0.1486199128767513,0.1528087064499762,0.10043072513672509,0.12900443195368944
Frontal_Mid_L,0.6368158390639295,0.5970615680150376,0.756202106397076,0.7122098065743406,0.4040097845055665,0.32382756826117304,0.0,0.6912300508244116,0.555402696111093,0.3750511810971975,0.5196812035563826,0.3039896801215268,0.6590247485932621,0.49194290360971094,0.43526292885156564,0.3823635662030068,0.37124726560260457,0.5103238692598377,0.5228168604683957,0.37244008428803943,-0.13995474113350584,0.01160598698215402,0.6634900287579149,0.5338852549362743,0.29064280467238535,0.3568451524893092,0.23023645324180658,0.290064491720902,0.3355162156682243,0.23803492048126457,0.4521381102575308,0.46881976181494966,0.5817190442349504,0.5753394762040162,0.4284656098790782,0.3169942450545733,-0.17587705520679828,-0.21823116314220195,0.1419718432807941,0.39524392321502133,-0.1802023283306572,0.29614617157882467,0.5911779936632167,0.517542410993289,0.36678695582304244,0.35581457684849543,0.410438340186131,0.3302047326810847,0.3822138071379365,0.2481009589406729,0.38920474081446954,0.2972751994255119,0.3602063272727478,0.5133977612853626,0.2777407504147299,0.4273764826740881,0.5561647266203406,0.5256902035486761,0.4600165114093269,0.27165546573453286,0.5931031793813965,0.41863205226691885,0.490108621482125,0.39438883481644865,0.5635503338309445,0.39480836910780476,0.5407862320275911,0.48344812580162083,0.3304280731133895,0.12599609283514765,0.5814403018834727,0.5660481763000019,0.6234861919304666,0.5905992946030241,0.3259202496536087,0.33164811212062234,0.6926587128793544,0.6233732324772837,0.09343086337557836,0.5586830268044959,0.5520238071196442,0.6447491746307809,0.10225359900484092,0.5530212634285198,0.6921153002988909,0.6513509731182932,0.16775164312720992,0.3884889847248912,0.4759003071773508,0.30293032469482606,0.39624863674511496,0.42352263862226713,0.5029102750600397,0.48833793152934074,0.1882478717332988,0.1897419591815467,0.30564187647570856,0.32281508755811816,0.5527543351953346,0.4580449900022682,0.3363158346190246,0.32400640148843335,0.3283041163590225,0.27189774813498174,0.4961891110339948,0.4883451683837067,0.4444016108777277,0.016595794315181225,0.13607950474272068,-0.032209862595138125,-0.052711362539607114,0.3401656141271558,0.2927489029027649,0.4065849945610717,0.22973717185812284,0.4154044535285362
Frontal_Mid_R,0.5106476047060946,0.6248442979476327,0.46924402507127094,0.7756890956114795,0.28644945872405486,0.425034320616979,0.6912300508244116,0.0,0.4321778615511771,0.5754735661518176,0.49887359763117,0.5036981856782167,0.5028709900475523,0.6500478931930245,0.28694373683637314,0.46951973988217777,0.3695315806452952,0.4725650191069405,0.4922349587513734,0.45713707043734525,-0.20529314723605854,0.06550552199458724,0.42657802149957064,0.5490988147752421,0.12520620323358927,0.27314393827469235,0.2336899705807404,0.271600349999706,0.42255879618601405,0.29317836845026424,0.3508290576993541,0.40077874222414883,0.5527764782993494,0.5992142051623712,0.2405059261817371,0.24020558939004757,-0.16112436785749773,-0.1613113207755503,0.17504497407794764,0.4249742072320814,-0.21043559229258602,0.21253148243637304,0.5649039610409081,0.5772660906442771,0.38088160515095876,0.38396236009170737,0.5381138821877013,0.4418164686313672,0.35713825088035045,0.25930432816987287,0.4145190322495329,0.2781402518836391,0.32335562341984625,0.5193410710063293,0.3254962922899078,0.4792260559962819,0.490497729400562,0.487801162080411,0.3563596299084744,0.29680916772971905,0.45947418371238563,0.5695156015983099,0.48356285402331844,0.5074562792645912,0.35238592382524997,0.3817047324289015,0.3551632064562289,0.533461478083567,0.34250687543396047,0.1416223141773911,0.4220779919283398,0.5245132187123511,0.5734525728386898,0.5351392108188494,0.33946447018214754,0.30259563797278605,0.645181676681377,0.6542585740253382,0.06099241243600539,0.4185967939690372,0.46206558237659534,0.6232819672309672,0.06739688658499522,0.479146676615239,0.4766774858756242,0.6623796706773998,0.0035332542142795425,0.34906409770601704,0.3538959020252825,0.4152615441422423,0.45363374514772564,0.28240913155275404,0.5546200544093874,0.4451766819980043,0.19255921188808447,0.21566204829837654,0.2988399656307357,0.3644922942734596,0.5647170602274412,0.42735937988273104,0.40446229553096946,0.38673342476651246,0.31503975524335975,0.27942552571806356,0.4563589834189202,0.47436868941263866,0.41393156305109574,0.04246580912177701,0.09621096531477251,-0.006403734534300718,-0.027720056770795944,0.3464202683755369,0.23830357956805553,0.4290476751471274,0.26970054417951483,0.3776551722678057
Frontal_Mid_Orb_L,0.37321603813244747,0.3297596055408509,0.5798904712274523,0.5145893834278158,0.5945302104323554,0.43098243781834494,0.555402696111093,0.4321778615511771,0.0,0.6768228407623262,0.4010000957688989,0.26140142041057773,0.4852888425028626,0.43572813342746264,0.5384084575067214,0.5297672767640088,0.1317859037450447,0.2261047629042624,0.32363965231594927,0.13296190683063683,-0.1527473369731933,0.05476754697505428,0.5422357865459271,0.4686526424347604,0.2990680590855536,0.28797204612575156,0.3068586448640331,0.4013296488902762,0.12727247316771015,0.1315088610225597,0.3221223566879648,0.2751891753522756,0.23368073279227275,0.26517913224530043,0.20487222144272613,0.0999603765918069,-0.13836312280149693,-0.18336326031597408,0.1270281570748795,0.26369483270602156,-0.09647944749124807,0.1658458178960221,0.3066761485893683,0.27379713115526777,0.09615117135431953,0.09923083361306523,0.189710147590705,0.14347855129502718,0.1874258363333342,0.20800200343511838,0.2393450992406271,0.2935925588684898,0.2865103222004761,0.48826660445002124,0.15552084785211828,0.23162462511780121,0.35128668931920287,0.4388482516003922,0.3701016161946881,0.36080985410745275,0.41785876102711506,0.46237039021862364,0.338805298505464,0.29061954736170287,0.3334999067795352,0.28835526073845086,0.30903763500625303,0.2758736897734538,0.3171935449263745,0.313426903661428,0.5182943463706947,0.4314667379020042,0.4541250313021079,0.4285998017128174,0.26792991755301476,0.2763487672492281,0.4757422461794493,0.4380951489133123,0.029942115751335995,0.43119983541964735,0.41657635888507,0.486654326758644,0.17588759059905879,0.5064945454238242,0.5881651720377445,0.5552974529292528,0.2627074033553854,0.43315055551543874,0.3318260592655088,0.2900745867679467,0.30074218096954747,0.4349449898918106,0.29526493387414565,0.26652722350189967,0.18965758076397754,0.24955942099271075,0.25403960870068887,0.2006594261277932,0.36918734571709855,0.3587678198307833,0.43715093671911576,0.17289896505712996,0.2814425542160727,0.2612392468914371,0.25062504743099334,0.2677208656422214,0.41363488484775424,0.31285460590675873,0.09549133812434871,0.020329780797518047,-0.07656935781705079,0.19098575334530302,0.12975619572426386,0.18607140327069038,0.03968089048849283,0.21521021103737326
Frontal_Mid_Orb_R,0.157482018886405,0.27018604916978806,0.32999991488024427,0.5347088606263681,0.4725647285241302,0.5809118993439973,0.3750511810971975,0.5754735661518176,0.6768228407623262,0.0,0.31358989905688034,0.3183752994208305,0.2211530028172526,0.46742890355491723,0.405103282711145,0.5991076767261438,0.1686578358920459,0.13117259097481979,0.3606191896019494,0.16513974740060214,-0.11238971640799911,0.13794127452024313,0.33822641269266196,0.46285378364653523,0.19153516930179484,0.21309381173800673,0.34841426328932723,0.42811578013766755,0.14365731295969433,0.14907549499645592,0.22098360788496343,0.22157208309175533,0.22012093789694512,0.28739232121180647,0.07408303087479429,0.0025788446020692524,-0.14666004646608283,-0.14040834972542066,0.08423571746060214,0.31964481061214545,-0.08444978863204115,0.02538800559694617,0.281176078206486,0.28664410547491287,0.1137868704440151,0.07210493715960767,0.21480972263315676,0.16409149064950235,0.062134197710169106,0.03845061671889393,0.1352591884663699,0.09964366963923905,0.14272153483994174,0.41274233225045065,0.11230977721427472,0.28474012105889,0.2114893477973973,0.23134655824014602,0.15730048318073964,0.2107046611915459,0.18904920386485644,0.47564379159933096,0.25450072123229145,0.3042787108611768,0.14776171086648526,0.21487724424886376,0.11303362525155138,0.2397997149832685,0.3268153587425579,0.21052715537348698,0.3036920114080799,0.395479358820069,0.34551946170640985,0.2840854720518918,0.2353075294342381,0.20254110283132068,0.36686102633682766,0.3964679187636396,-0.016776115814561322,0.2541500141698913,0.2549730057269489,0.40178149979435923,0.13362998596703354,0.3692753461571251,0.32624249109088244,0.5338898648985093,0.09822032501433554,0.41464813350770185,0.2148386928026744,0.39426262412645496,0.43780598238024926,0.3898448971550902,0.4436901148637676,0.305048785184018,0.1707787797204854,0.23115141333106745,0.19582054493335163,0.1649020116512366,0.31433521439745693,0.23346278644189927,0.40600046177322174,0.29194906526855857,0.20851933074616483,0.2948949648301612,0.28697679883765487,0.2766377372201068,0.31541514073253746,0.1898023895039622,0.12146587875986126,0.02531902422587891,-0.043320324057204075,0.26866592192666533,0.1810091052257049,0.27151424490052917,0.09923742117535893,0.17719547809516278
Frontal_Inf_Oper_L,0.6680721342258161,0.557950321650433,0.3841727120113758,0.3868801693834261,0.273978684177493,0.184493062804874,0.5196812035563826,0.49887359763117,0.4010000957688989,0.31358989905688034,0.0,0.6939242519057643,0.7232313428410981,0.731994139092379,0.3636068576691873,0.38290637535815414,0.3262899920234247,0.36573529200589316,0.5523710011356251,0.4242124482863243,-0.24699934637008694,0.0042650821088197465,0.2963175257334384,0.2756640211903338,-0.0048815768764363466,0.010880017725048555,0.06138905335995723,0.16969590624364117,0.4747894370310975,0.3825778317116242,0.33675968770556614,0.1332225644497877,0.2756869776700673,0.2879819743611615,-0.023529796180504214,-0.005780038166275671,-0.28499366194298353,-0.2519095615216185,0.005616461540716186,0.4284318124552571,-0.2426593560012744,0.24871659449652728,0.45344295716159927,0.4753980323564947,0.13414706394925277,0.26193463126396715,0.270026181951164,0.186507055806088,0.31510143538211666,0.2911574065302079,0.47077941971927595,0.4208599778125855,0.4314671898582285,0.5565120934169896,0.14249460666055888,0.2767629941454904,0.5371705001237127,0.549823463113569,0.5430667546624692,0.4526415050761648,0.5578920540711428,0.23068389660576386,0.6886530879991997,0.5960000027804592,0.21453416484464907,0.18208707384787942,0.21515664802418136,0.4034229667555493,0.16883070665999558,0.03852936476616866,0.5551804526037071,0.5321850969494466,0.5249099106751144,0.5860252847536124,0.3692872547062218,0.37445865057244127,0.6230084948429431,0.5820296957342062,-0.0714592339254302,0.3890971622856862,0.4685635110944897,0.5668058567081246,-0.05540549261160668,0.36036586594713593,0.5555980235787482,0.5928796018542825,-0.008913258661638696,0.2869941746943359,0.39488526016831926,0.3268567845181961,0.14868291870701333,0.18915342813386557,0.32947319178168716,0.24477166240021386,0.05539307535876888,0.13653852260644325,0.11713391252367061,0.20266553484941516,0.46838405425210844,0.4000859741688972,0.4107435255412502,0.3616520281376584,0.21326764554384445,0.172465023702549,0.4592115734112601,0.31126096609423787,0.3048467766015662,-0.02860986534887954,0.0319095487515522,-0.089763562358866,-0.19706014665561852,0.16297765603247036,0.15872602930840674,0.20758705542041392,0.020594419872179633,0.3388205726418268
Frontal_Inf_Oper_R,0.5622841811596306,0.5958453753821292,0.21623241644485333,0.34242487134452865,0.1342521929780146,0.18668992989229705,0.3039896801215268,0.5036981856782167,0.26140142041057773,0.3183752994208305,0.6939242519057643,0.0,0.5011322395802545,0.7681177351709152,0.1313992791180531,0.38110044530733395,0.32585412349442583,0.3230589821310222,0.5421508791276755,0.5725966470138161,-0.18338559510517896,-0.010581317260764484,0.052029750906052254,0.16709281985875016,-0.09059044988968462,-0.08236129870812707,0.06043375070986863,0.13907806838415449,0.5519829612387542,0.44304060501767545,0.18264867129472276,-0.031843818849118924,0.27871418708306467,0.3161673144269291,-0.2315013282583457,-0.11442390801777437,-0.28671094791552737,-0.2520347652698691,0.11075208435200892,0.3749826481635639,-0.2976063576454457,0.08891716650450225,0.39289871535719434,0.606973176940407,0.1562089797277496,0.46069632795510695,0.45194028469553293,0.3575917339290595,0.4797902602433616,0.5361869402223945,0.6332906362760495,0.6251763397582976,0.52178765555647,0.5889314648094821,0.34838257403560724,0.39367255133965007,0.4888600231196766,0.5740945808545365,0.519479570415814,0.5782154098385845,0.4352275250357648,0.3733282259932591,0.5535943834555623,0.6910821086043307,-0.09095542120521402,0.095573676083597,0.029587191794435714,0.4264375302126189,0.2414732079480214,0.08460114288074452,0.4049369068920064,0.4462848315836449,0.4563761023144312,0.46285656542028636,0.3466350006929054,0.3571944962173319,0.4826682082126483,0.5533693948257654,0.03095721867674029,0.37586933742395906,0.3787426156740572,0.4911819405010685,0.026345496687172957,0.30923358378360727,0.2201367641359922,0.45560193751138717,-0.10830879997458352,0.13517332558536746,0.28518745594432093,0.37655839774542954,0.12377260210885481,0.054028388252357964,0.2668474007155636,0.16832982623377704,0.17033959246178343,0.15264167536895704,0.21242962010147373,0.3114763419744711,0.498180111532602,0.3747303938827342,0.46948684738798174,0.3539356024413377,0.3122399212235271,0.24456698351618297,0.3401210759343922,0.27059883172011495,0.23008976534744224,0.11520230653775629,0.0839935432304002,0.023332990123266954,-0.1560084926038005,0.18659329136029362,0.1389461094297086,0.25316071980310606,0.18357631779330996,0.22286337329980924
Frontal_Inf_Tri_L,0.6623607099760668,0.504141103305294,0.50965202277402,0.4155397539862316,0.3217434493628721,0.12378548372845065,0.6590247485932621,0.5028709900475523,0.4852888425028626,0.2211530028172526,0.7232313428410981,0.5011322395802545,0.0,0.62907679100484,0.5052356109931145,0.4276043430215703,0.20006381047473562,0.3455453944013818,0.388477227148268,0.2873099895083681,-0.0481642060191302,-0.004812077202458975,0.45925787629194403,0.29421454406031566,0.14055385140477825,0.18767869866751327,0.10210503809127454,0.1912928097178894,0.4003445071442419,0.3393818827343958,0.40218710934490515,0.28759734234922363,0.2957715328445871,0.2945110211615436,0.22620430840008202,0.22008674632074698,-0.07223452174627497,-0.09923604271667423,0.057033725018887,0.32065929976746177,-0.054755569697857186,0.3370190206029139,0.41721752776839005,0.389114674250948,0.10602229548233824,0.266365088826539,0.33746416265859175,0.2561532679450479,0.29471610731676623,0.32899108110646996,0.4898108287123756,0.43922478957153127,0.4656362028768817,0.4949673528848069,0.20923842860590883,0.31170530587628975,0.3996050048653497,0.5179566065970819,0.5451844274483533,0.45741854990288217,0.6753175524751314,0.31883559817253226,0.48191934153075305,0.35979777579481786,0.4065341023472657,0.3299846506681212,0.36534593007140376,0.44411921924093134,0.06258846901966723,0.06630075085713524,0.5776771026789553,0.4580416480776103,0.5308780429917693,0.6086392124575978,0.3454614781337785,0.3549275798095591,0.5881877782082368,0.542627971081936,0.13009554549757463,0.42480051357889675,0.548842627879478,0.5597748736924419,0.13892024546137724,0.438424611130406,0.6681504953272536,0.5610878759853245,0.12682879900335153,0.3211021960207984,0.526040423815398,0.28413493318225425,0.1961225610773295,0.2010882069333736,0.3090219880477673,0.3044490705797676,0.10273511886445898,0.03775727920568122,0.209396966825876,0.20169373959652317,0.4220569531289619,0.4050835511871306,0.392061276466544,0.21792580981467702,0.2957579327678217,0.13180894473552937,0.38654545799007767,0.354695777070234,0.31941441640026874,0.10446796613923158,-0.09825052088802845,0.005157889460787599,-0.12554116744670685,0.004437435431094344,0.05419998808936714,0.1949839577356816,0.11807661706292917,0.32195325980105827
Frontal_Inf_Tri_R,0.5367736869564371,0.6147373572944016,0.40919649995405893,0.538934514379558,0.2893993931577158,0.3623487466400966,0.49194290360971094,0.6500478931930245,0.43572813342746264,0.46742890355491723,0.731994139092379,0.7681177351709152,0.62907679100484,0.0,0.3507183991192203,0.5179983531805437,0.3356097927195711,0.4187822886016276,0.5181147403168544,0.5231234876776599,-0.17346771405596187,-0.021921679088839758,0.3337698736254518,0.4174635881716552,0.07639363359734948,0.14382476988477874,0.15111877984279581,0.2235981184023586,0.5512159178029237,0.5135094100892532,0.4255149069586781,0.2701646181538482,0.3028702677090743,0.39606917112147966,0.020290055010804883,0.08113563850423533,-0.21562826936947183,-0.16128241500118817,0.05141307600676703,0.39102209748765104,-0.17623270807107155,0.3071909025865142,0.4768302505125862,0.530467858896197,0.1970326403292217,0.3957911098431915,0.367314055674539,0.30834311456855923,0.3869378668414367,0.39189312390584397,0.47461585295620967,0.4409741156862867,0.42371224501804927,0.5823995770052344,0.14583536760699126,0.2866249853493652,0.4921025053512156,0.5641972589993518,0.44264102744146333,0.4514180002532227,0.43693495325683473,0.39229575375045317,0.5672358943790375,0.5813415550264309,0.18614964485792374,0.22738296086807125,0.21557879523592272,0.4705005481248337,0.2526356172423969,0.09579180485417468,0.5061410409456517,0.5735402613238453,0.5595983232266167,0.59514697258352,0.35800311787997907,0.397211879896837,0.620924829283696,0.6029936223745266,0.03752743108624053,0.3971671986730685,0.5329055272016564,0.6545697036816442,0.001998884303727748,0.43450316316763254,0.4987790113055915,0.6720920196194153,0.05670420570502684,0.3775525123415431,0.3086740684704889,0.3445230412434291,0.22355057943910103,0.195414343029687,0.36450280754803793,0.20201052353831264,0.024725674431857667,0.0726922424834393,0.1489051555037897,0.21605183414722812,0.5205104577336317,0.4143865611347474,0.5155381597092574,0.2915529470728766,0.3024614680054555,0.2176303183301081,0.4087355878463012,0.2892411730939809,0.35130641791765044,0.08640456695397918,-0.025753644349389537,-0.11858347750983608,-0.2750269205186852,0.11984317509188357,0.04702648325564552,0.20174722313563984,0.07375518542722263,0.26478224231542374
Frontal_Inf_Orb_L,0.3195933865101044,0.2745614736288346,0.4821509708921392,0.3636754703337233,0.5369010166702904,0.16305849685641474,0.43526292885156564,0.28694373683637314,0.5384084575067214,0.405103282711145,0.3636068576691873,0.1313992791180531,0.5052356109931145,0.3507183991192203,0.0,0.6950237573971494,-0.02317262807320934,0.12259380166914946,0.3109468531602979,0.07507224349839792,0.14646542900740886,0.3494337339065388,0.4901961481318254,0.38362202439787324,0.40689879867391515,0.328896554924452,0.3615680705043442,0.5137374316908393,0.22651779542544737,0.20953547042401843,0.4588002376800427,0.3798173299518168,0.14271717992583877,0.23348830012399432,0.31751580636754423,0.20720103374353416,0.29801204900657696,0.2752488257397815,-0.1031767448019312,0.16128687491369756,0.32922361861295824,0.32384843588523426,0.26727463506975113,0.1390241826962173,-0.10639723910418857,0.05452620952020324,0.19184405696203066,0.1226723900033992,-0.019589615512731168,0.040552468078555316,0.21056510344628207,0.12324178717829787,0.28456928181207886,0.38729159244667155,0.08508051110535714,0.3384268739297538,0.14118401191867427,0.2381706590503883,0.19162507931060074,0.1363352912429196,0.3684501269366517,0.12466080033627472,0.15936724862375384,0.08070759369148614,0.35617787726029726,0.2608409844027241,0.2473368149807147,0.24480092138087137,0.03727742257685624,-0.1274824648572283,0.5507553264418309,0.3900278932857493,0.3707159388351196,0.4049612070477346,0.26963753983066213,0.09273903134131917,0.31393515091863644,0.2934819873708191,0.20590696351818183,0.26086389672961746,0.4341716384067708,0.3408863955076101,0.3074719079117459,0.3788011222590793,0.5696134862086076,0.46194424790791566,0.19666004822399408,0.3878210386676415,0.5734636452539243,0.37672618039716416,0.38010258502327054,0.43990523362385486,0.4826676373084274,0.44522247155866695,0.06756023711336191,-0.17667674482294757,0.08062528499367691,-0.000627898497765421,0.1401899945314295,0.14647686674403915,0.31834645994397415,0.27455326580810246,0.19004098979822528,0.16027266783610786,0.2773945463663374,0.3684917319371775,0.2501726611137334,0.1053057004257413,-0.285471081182786,0.10115377686347796,-0.02816036141931801,-0.03928835915832449,-0.05710907292192288,0.23316171267562352,-0.009513247928278333,0.18241854268459223
Frontal_Inf_Orb_R,0.386406621121703,0.4677482852220917,0.3423343140247546,0.5050671406585926,0.4713368486565879,0.3324076343539651,0.3823635662030068,0.46951973988217777,0.5297672767640088,0.5991076767261438,0.38290637535815414,0.38110044530733395,0.4276043430215703,0.5179983531805437,0.6950237573971494,0.0,0.18013865053494516,0.181847715730041,0.42256584640148187,0.37401547722217654,0.21981295397650427,0.30669734007080324,0.3353821145686669,0.3949381240083696,0.3305447484373496,0.313365954294239,0.4078429559716937,0.476115369214035,0.3878311452423045,0.40422868091903313,0.3685441470793529,0.3441927128552745,0.3123101460799735,0.4452338490803694,0.2808785736601673,0.26024279734595224,0.26879046114728233,0.2442494937944431,0.06210073500164341,0.18695805660457382,0.2682199208481851,0.31116475137784894,0.3491085706269351,0.3761553342053774,0.05127085168103419,0.3044985416944832,0.44423400920215095,0.3251683041345888,0.20460446884939887,0.22150266768812962,0.35157425807695813,0.26320154791127887,0.29938807146801705,0.39708969385159654,0.2640797257394378,0.48755784747696257,0.28618972444342544,0.3607726618503107,0.2057899782144567,0.20713790021730188,0.38122412436578285,0.3423959750546049,0.31299916292862284,0.32134349959655584,0.2864037593081255,0.33198537364881425,0.22489014530774437,0.4073040958050016,0.12548033599542935,-0.060582563625952913,0.5431959317098,0.4580514992915552,0.4989667948251174,0.4738251990548311,0.3982003116138934,0.24080546399434866,0.4143956217188436,0.4683941509909202,0.37630941705685567,0.3978841602100861,0.5259674329049041,0.4556191144827429,0.513151237481489,0.4617231150251526,0.39233870855018393,0.559648903963458,0.11797115306668578,0.5012600758617534,0.44673325567092426,0.40711290155392343,0.5222225938015436,0.3225004342013425,0.4834254293797459,0.4252575702062937,0.30677665297714446,-0.03352591115877484,0.3043336308563389,0.20218583282371302,0.32732793803687316,0.28604742447123416,0.4618316052909293,0.289551701398401,0.3614663179971371,0.3198318906390013,0.2647359776585502,0.4365144305552505,0.24530709638049522,0.3228105073047234,-0.2544610965459025,0.3164039338234921,0.07522060117018704,0.009446898956777097,-0.042706151316438415,0.3687750361578487,0.2590176438808869,0.2477999999235792
