,Precentral_L,Precentral_R,Frontal_Sup_L,Frontal_Sup_R,Frontal_Sup_Orb_L,Frontal_Sup_Orb_R,Frontal_Mid_L,Frontal_Mid_R,Frontal_Mid_Orb_L,Frontal_Mid_Orb_R,Frontal_Inf_Oper_L,Frontal_Inf_Oper_R,Frontal_Inf_Tri_L,Frontal_Inf_Tri_R,Frontal_Inf_Orb_L,Frontal_Inf_Orb_R,Rolandic_Oper_L,Rolandic_Oper_R,Supp_Motor_Area_L,Supp_Motor_Area_R,Olfactory_L,Olfactory_R,Frontal_Sup_Medial_L,Frontal_Sup_Medial_R,Frontal_Med_Orb_L,Frontal_Med_Orb_R,Rectus_L,Rectus_R,Insula_L,Insula_R,Cingulum_Ant_L,Cingulum_Ant_R,Cingulum_Mid_L,Cingulum_Mid_R,Cingulum_Post_L,Cingulum_Post_R,Hippocampus_L,Hippocampus_R,ParaHippocampal_L,ParaHippocampal_R,Amygdala_L,Amygdala_R,Calcarine_L,Calcarine_R,Cuneus_L,Cuneus_R,Lingual_L,Lingual_R,Occipital_Sup_L,Occipital_Sup_R,Occipital_Mid_L,Occipital_Mid_R,Occipital_Inf_L,Occipital_Inf_R,Fusiform_L,Fusiform_R,Postcentral_L,Postcentral_R,Parietal_Sup_L,Parietal_Sup_R,Parietal_Inf_L,Parietal_Inf_R,SupraMarginal_L,SupraMarginal_R,Angular_L,Angular_R,Precuneus_L,Precuneus_R,Paracentral_Lobule_L,Paracentral_Lobule_R,Caudate_L,Caudate_R,Putamen_L,Putamen_R,Pallidum_L,Pallidum_R,Thalamus_L,Thalamus_R,Heschl_L,Heschl_R,Temporal_Sup_L,Temporal_Sup_R,Temporal_Pole_Sup_L,Temporal_Pole_Sup_R,Temporal_Mid_L,Temporal_Mid_R,Temporal_Pole_Mid_L,Temporal_Pole_Mid_R,Temporal_Inf_L,Temporal_Inf_R,Cerebelum_Crus1_L,Cerebelum_Crus1_R,Cerebelum_Crus2_L,Cerebelum_Crus2_R,Cerebelum_3_L,Cerebelum_3_R,Cerebelum_4_5_L,Cerebelum_4_5_R,Cerebelum_6_L,Cerebelum_6_R,Cerebelum_7b_L,Cerebelum_7b_R,Cerebelum_8_L,Cerebelum_8_R,Cerebelum_9_L,Cerebelum_9_R,Cerebelum_10_L,Cerebelum_10_R,Vermis_1_2,Vermis_3,Vermis_4_5,Vermis_6,Vermis_7,Vermis_8,Vermis_9,Vermis_10
Precentral_L,0.0,0.596381039540027,0.34752132538124125,0.2835761742323205,0.06657172656697083,0.06755242602032237,0.36352636111967784,0.3197668094208089,0.19886350884908005,0.27624501209853164,0.4476480103595377,0.5546970046511114,0.50024759024811,0.4120149772456451,0.3600060469285298,0.3777727386594513,0.20531441204766274,0.2124450840801236,0.5411050994125051,0.4721872237356909,0.18177090237443339,0.06937191756859126,0.22599122653106393,0.1311962399548182,0.2056829695561306,0.10430428126195201,0.21024960249887373,0.0813886650690203,0.3272640724598238,0.2073866510529478,0.15401629124761818,0.08419714489487058,0.3733765072154788,0.2712935418800794,-0.04344207494676728,-0.147212848153331,-0.1493457932931498,-0.21253545472719224,0.20434020435933922,0.2166963302161024,0.1353800825295988,0.25859766837818743,0.4422359934239437,0.3850942000262398,0.39433350640761916,0.5172814911931951,0.35009010676760655,0.4253764984470043,0.571004266530546,0.6250222877953419,0.6668511483288501,0.4988176945847611,0.5703318346912656,0.5386174567910087,0.527797447895274,0.5020227168382214,0.6029620789304918,0.5257339026339214,0.6589024474631185,0.45596744073809287,0.5639750671783579,0.10768766402401865,0.5417447198330899,0.3686733815920662,0.1222586680033882,-0.0895422467270675,0.0029235839541022777,0.18012919093297106,0.49981110071688095,0.31195033827395474,0.3743031046075423,0.248847955331421,0.5188287401765358,0.45007855343697806,0.24263459671230134,0.3012267356183661,0.20509379553416146,0.2135854450182855,0.34270396365672345,0.37158984918171967,0.46021970214792374,0.36887558204491483,0.43567584164681206,0.26224836099709115,0.4275354131720584,0.41130041579655285,0.17625207210306534,0.2860669162448842,0.3577742629045101,0.4229022517216337,0.09780928338889573,0.24574314443296083,0.2514267364231429,0.26512125134993125,0.10697777070493762,0.18603935832883228,0.29270349620485586,0.31128465213123896,0.40353577208413266,0.4832353865728525,0.38947956984785415,0.2816569040381408,0.480885677296058,0.5062638843076169,0.13594630510545064,0.28580801972350983,0.09936188792993152,0.05850839841390338,-0.17923941940695765,0.09363760565809048,0.161182195895302,0.24839964978447543,-0.017557936215500846,0.2515469525803413,0.2312666092555967,0.26367317726554435
Precentral_R,0.596381039540027,0.0,0.3292165906482035,0.39948880889043736,0.09445983293331332,0.09506397577585424,0.16394037196759664,0.3299777481147924,0.15311497874419336,0.18027390568058446,0.24086247849868725,0.4931531545539045,0.22310733626105164,0.354776501340586,0.21986824008066042,0.25626314323725696,0.3785879068701714,0.4576700165631401,0.5709989982254037,0.6299644756557592,0.07113037941326505,0.06430194532358054,0.17546715830188803,0.21754686475114188,0.19264571026502145,0.12086134628780379,0.13110985817324378,0.09229820612563229,0.28083752524225597,0.18850147422443755,0.17129904732001283,0.1287170255836145,0.39529657831887605,0.42544580011283273,0.009093463182718756,-0.07779564450916156,-0.18720331234562512,-0.21475199296017977,0.12530565515519188,0.17563607021291353,0.1147332474823691,0.2828612908141758,0.4589441833744818,0.3064068549657392,0.4418749872732604,0.5676408106210841,0.3070418294605036,0.3939468302293734,0.5614446910669699,0.5537038298755796,0.5079127367181115,0.4491648830534145,0.47529298087415406,0.5016207939843561,0.4972788387436326,0.46207173656626355,0.7399446855216437,0.7670003207476711,0.47491025542891113,0.5386891405665903,0.2707537165574289,0.1013964492250691,0.4899519749692131,0.5478627538956784,0.042368438659923034,-0.10465143711147432,0.049970224403711204,0.2491242515487442,0.4730497498308585,0.5220787518171109,0.2960433807457859,0.2843553112376122,0.39657803449566387,0.450641480731583,0.2478122270313618,0.2026676167593797,0.057609607294426525,0.26011085113235694,0.2855241232037895,0.33060326936219603,0.6080238285328051,0.4993435425893503,0.32109551198129666,0.32231649443109767,0.38244906508872184,0.4506539458360236,0.18748423939012154,0.21732704170635286,0.2911227044051561,0.3439877056042143,0.1388573010110867,0.14696540892346324,0.20042616057129373,0.17570885822395793,0.13479363768102176,0.23150975834618917,0.24529631212766545,0.3040122251167632,0.37757654626682025,0.3658944382823039,0.35554001477336755,0.23513189763032522,0.6222690891166685,0.5439615810423052,0.1470242135234034,0.19239501053308608,0.10009172824062436,0.0563455033162598,-0.0816389530238788,0.031229758830195634,0.03927520249347742,0.13380981406908712,-0.1418517521206241,0.3043462283527021,0.22760897806925065,0.2137696513654071
Frontal_Sup_L,0.34752132538124125,0.3292165906482035,0.0,0.515122194323474,0.1362654349438241,0.09524135828022734,0.5780816770106243,0.061891743577077954,0.4020535563407396,0.19482820739544687,0.2542620593066172,-0.013516332437067942,0.3431400989070014,0.17055440551195641,0.6535263576768693,0.5172417250659151,0.013112841683445385,0.010230791139476272,0.5368222896238739,0.3232444106631937,0.2837390870650894,0.10799395899569378,0.7840998662164708,0.6355363124732514,0.6420725772920665,0.4053975483179328,0.40286756681875197,0.20792624666795406,0.2816513916815532,0.135262176360561,0.6567327187387648,0.4668943595545622,0.4092454755126473,0.10235155445503646,0.2949515499664157,0.05117120182898745,0.08045395478057395,-0.038001468016082576,0.20552219160220161,0.11460251188623373,0.13612484180103476,0.3661546033376426,0.33315134152043285,0.3210743372861006,0.2961565705717732,0.20796781567525244,0.19319425487537104,0.151583074507004,0.29096845542181626,0.17705478145979622,0.301801639350485,0.09262422369976522,0.17947227920173972,0.18892197522435575,0.27667958177119906,0.25029751679104356,0.29806775968094934,0.2155550849428428,0.17050619526189031,0.07309519156836797,0.15452789684184554,-0.046346320029864295,0.1779746773333775,-0.08562854971467002,0.6250153128823669,0.10801527505443828,0.2451501016112056,0.08221313263924378,0.43303049009867584,0.3012229004278526,0.443026760876599,0.5227861997181689,0.45879508822544246,0.33816781524912987,0.28005916651322355,0.2598973107959543,0.40391952038970735,0.24870619615326528,0.2909957122222213,0.3417794803170383,0.34042875840046544,0.40547598640330135,0.5005391862683108,0.3982577751548548,0.694866592781301,0.4742031379241853,0.3574043763500208,0.38655237583107055,0.2729359191328093,0.228187266131053,0.2185895092339692,0.4772059342390791,0.2675340500026064,0.3064564027394968,0.11216374789055263,0.21091277821112028,0.29340503726800027,0.3274993183712598,0.20338397002214134,0.42693430928329273,0.21649286036465099,0.10881291202891888,0.28456545387684573,0.24926675570732737,0.35780090974032447,0.39199299294362777,0.007745358390376582,0.05301823634038282,-0.0840694493834915,0.08095094146920775,0.2088042689408456,0.08989132856529553,0.03212863376304619,0.3158255242643742,0.2946714253557264,0.19570828353780206
Frontal_Sup_R,0.2835761742323205,0.39948880889043736,0.515122194323474,0.0,0.22284685823818795,0.5053675460891905,0.5377066224447064,0.5760328982840315,0.2622018892955526,0.46493325214498143,0.012758816274248306,0.09554501250760211,0.10559501834641734,0.3152326394315916,0.4178434107955746,0.545494998594381,0.03497544173575639,-0.030296742605500582,0.40015672243802075,0.3319873286428306,0.19171388828781577,0.15356036254779473,0.5364825574668547,0.6591776360329663,0.4552591792542747,0.5861746760539572,0.25542861601230016,0.273005175999151,0.16290646514658133,0.17116429907013933,0.5554432132787473,0.5524236082722349,0.5538872114237722,0.4831643681571721,0.3786516245380421,0.3529345639529012,-0.04534406329018791,-0.09442267533608947,0.2275832682167841,0.16879233961020684,-0.05550858529555258,0.24110166752905654,0.4190372802148154,0.33098035680940785,0.47277731009173424,0.4221369286011829,0.3382585199995015,0.34912493685600504,0.3824245947107214,0.2454253833094661,0.3664191317048734,0.2953134360943787,0.36021796218207514,0.3222922951564093,0.38426116515720676,0.32527483438987215,0.35970403267446033,0.2792844533693833,0.13389022676278836,0.2622557584844737,0.2750627455106785,0.4640609070499232,0.1655423849282224,0.247940063501384,0.48699430735937355,0.47486414260012527,0.33205067654063714,0.4579423788525802,0.34559989942868624,0.36596237637659845,0.3880340657147854,0.376849611264174,0.4029826766516917,0.3792042927947697,0.286603680483788,0.2848867889659966,0.20744699757316434,0.3420722486157091,0.2863249435979668,0.4002645465494023,0.44363820781577445,0.5367578267608096,0.36301547940421486,0.38749068460413866,0.5579777500317271,0.6807439254232612,0.24133981768600882,0.3399030782426309,0.2841034574750432,0.33606370893301685,0.30060438405818674,0.2909404016694005,0.5064288820202851,0.3591057336535174,0.03500071473742522,0.0900920157853869,0.2724681487761771,0.2991540016606493,0.34772239491823637,0.3309033660364636,0.38515954814433445,0.22639291895882707,0.38538506828764346,0.35971643145076826,0.44154687604553244,0.39985589269751937,0.16655987648487547,0.036444774428505806,-0.09127025891492227,0.08492835168374215,0.20360877966965155,0.146847068591413,0.20692317840138316,0.3725890354075784,0.26528819403868625,0.2771837868410902
Frontal_Sup_Orb_L,0.06657172656697083,0.09445983293331332,0.1362654349438241,0.22284685823818795,0.0,0.39027064813051504,0.20734422452788126,0.06963719806043761,0.11027836835266412,0.1783342157247642,-0.18003454594583343,-0.1624276541767761,-0.06981036626822969,-0.1276270896238927,0.16453095615239022,0.25571078996365953,-0.11505777652534246,-0.14055483724726975,-0.12711255974893557,-0.053315528479952606,0.1375151171101508,0.12416018590631296,0.18317441484684782,0.13464081304260392,0.16479457562636535,0.3413114206795911,0.23938431234312832,0.28860572381119415,-0.008312317353538618,-0.012591259332186182,0.10170504064705592,0.07525305519584183,0.10629927202090327,-0.0026070604886247813,0.20261096810271048,0.21116043873934,0.017206996601153504,-0.10342344020150838,0.36195093811186263,0.2379528785836492,-0.027353440723731404,0.136025075993837,0.2130790038389171,0.12166560776933304,0.14195789483601137,0.09566444447262303,0.08401935930012637,0.09532379387435222,0.005662094141994789,-0.06549026597842526,0.028804964599589554,-0.054639792328086134,0.04448561681396552,0.09369691119975779,0.1760662268842707,0.17473055228613488,0.06809910582575512,-0.0025526370092650826,0.03802701082418145,-0.08982327719310498,0.07885586591375714,-0.029853105833740838,-0.046558813684411,-0.10290881675239341,0.2023136605064503,0.07003317247259867,0.189585430813863,0.1391851530808366,0.07411330655536322,0.11895859786469674,0.04010791468270393,0.2098693855154434,0.13189676606497455,0.13600436410983952,0.23334020261140226,0.014542385747911259,0.05087757874593172,0.14615873645725505,-0.032761239812605855,0.06650183189339272,0.04666877159574947,-0.10476632765936644,0.15517108245794528,-0.026739981476912353,0.1376080000045262,0.10244721869788614,0.2361615814127932,0.15866924847351344,0.33419269949770863,0.29712469489677906,0.15894173457220123,0.2366372054529394,0.3471546386218547,0.3914830632732754,-0.026068136340703558,-0.04174757483654876,0.029750521410679895,-0.02948827771038196,0.06702755333830315,0.0426220427339351,0.18698416235817664,0.2969175047267096,-0.0022895837401842854,0.1358105367848691,0.05053617591682227,0.17780169291224124,-0.10352523949670694,-0.14091788922161327,-0.12615250841352452,-0.03003200980520994,0.05114469918475978,0.21812238993721506,0.08907717297692036,0.10686267760921035,0.08293846116870432,0.13219137665451783
Frontal_Sup_Orb_R,0.06755242602032237,0.09506397577585424,0.09524135828022734,0.5053675460891905,0.39027064813051504,0.0,0.27474414584545137,0.45161446278454215,-0.012599978380776658,0.3742059880924942,-0.3201639656190905,-0.09747955425360494,-0.16885867809996308,-0.0019039899690857958,0.10993412992352412,0.40864712365731515,-0.02677743895851896,-0.17939176301460497,-0.03933760597742043,0.06420649171720473,0.08734736795045875,0.11757982992577888,0.20074790569302578,0.2834005123969943,0.23394382385620408,0.6154182675772466,0.2749635545497941,0.3285565781354892,-0.041825041265834695,0.027664626158078718,0.2647577945487091,0.26889334579871077,0.3370919826958947,0.32569634843035394,0.32174959077311577,0.41653548573145494,-0.017540166761834012,-0.08010160018835012,0.2877948965936453,0.32929095892752125,-0.1803944086197922,0.19093451986204676,0.331511693129613,0.3249615108390782,0.3370664718977101,0.29480983002555233,0.2800305226272762,0.19867076467513248,0.1637064683888665,0.02072866625322485,0.1108726265828232,0.06853186702962447,0.13711568654248205,0.1113366972791587,0.2591132336321151,0.22227666136399493,0.06061159871842352,0.002919989650590336,-0.021030871278860778,0.007660839685225745,0.1481048424826405,0.3327820822584941,-0.0778376369568746,0.08714526076913083,0.16820152702696062,0.38244511321787344,0.3533656936741069,0.46327466713249466,0.04802227447753345,0.10214596626231225,0.18119024753527735,0.21394666269311494,0.19954555497663792,0.20587709454916978,0.28878019350705375,0.20319689014061262,0.03052812635062999,0.19165100443393054,0.14794944477040067,0.3438086622857154,0.14495917830491736,0.18711695955147115,0.16952461829709609,0.13633792226543148,0.12166762055113071,0.3050029630522257,0.2283772887732354,0.22119408245277594,0.21380920737281295,0.329952993418805,0.20453326255195994,0.14634667063970602,0.4465090173789658,0.34520237246264956,0.027600297964579388,-0.06398201965674544,0.11093843454943281,0.05694491055350654,0.2470251118598315,0.10886797479309328,0.2905420510913687,0.211153422716017,0.10561831130761037,0.18834187900395571,0.26801425415254526,0.25250651736152285,0.06285343851259663,-0.07060039465028127,-0.06009794621176368,0.09380666126980677,0.10980909830843524,0.20708500020175905,0.18671308245062188,0.18785039758498093,0.14440224823821668,0.27154221020044367
Frontal_Mid_L,0.36352636111967784,0.16394037196759664,0.5780816770106243,0.5377066224447064,0.20734422452788126,0.27474414584545137,0.0,0.37626044403976283,0.5107244823244272,0.3208854835949658,0.2822977305021146,0.04698683107769291,0.44253910696969356,0.184699054046653,0.4048764758143876,0.389825183518294,-0.010898798141456606,-0.10785166236182273,0.27165864792571165,0.0604681629662946,0.15898301526516487,-0.032680232118216856,0.5624729486113219,0.43204549830930067,0.46691705587382687,0.41870542100107855,0.3426241958772855,0.0772817086904148,0.3078077333633174,0.2260554864816187,0.5405519339843511,0.3726083020898314,0.4672745287088901,0.15380733408570293,0.3544785965032431,0.21176430508819116,0.07295142279854047,-0.08657254141682946,0.24304914378596965,0.06929130378226638,0.07137902784022519,0.1573150126913006,0.31523640582294127,0.336498189410011,0.3466699027254189,0.270438576625675,0.2506797148955416,0.1666124335565892,0.23236089308406496,0.16732280730999588,0.2752527072481289,0.17705883930681435,0.15664288236095578,0.0641953344094084,0.30268678234336005,0.1762783761435062,0.2286002371348563,0.1416618171980471,0.2172933319531153,0.14455071295506378,0.45260140507988195,0.23586710811609568,0.17284968445053725,-0.03443134593642593,0.5576562468168256,0.33902392020465383,0.4057022233406783,0.3053463455043941,0.30643060160244634,0.14243409317690633,0.4239817870305261,0.2512017069758271,0.489920306734062,0.39910531835344665,0.3756892749732178,0.3496442646269123,0.42437419169089874,0.34720724451611995,0.3062309431142199,0.27325387387554056,0.3363471852003332,0.309949681368887,0.44866352716661323,0.30772803306343643,0.45115935985577715,0.3664349894870247,0.2615676758504587,0.26920140099808115,0.2515537680348414,0.11712639513521915,0.12138509478589368,0.3042318011129114,0.2726422726123298,0.24988949045280387,0.08463641465865206,0.1338520248649063,0.35992076505560844,0.2251862161765728,0.2684045372473544,0.4300598543505192,0.2348240633952488,0.13313431574872664,0.23703894265843203,0.1893885423841961,0.4048696013310632,0.4794738657152767,0.10365681353511592,0.13847592273002166,-0.10332710462266578,0.10632676567109942,0.239684907546259,0.16783578293725804,0.21959901971891882,0.225411291918823,0.2730204272857267,0.2739539335210168
Frontal_Mid_R,0.3197668094208089,0.3299777481147924,0.061891743577077954,0.5760328982840315,0.06963719806043761,0.45161446278454215,0.37626044403976283,0.0,0.2014373500635064,0.590223183428334,0.07976710501727595,0.3748567500603378,0.19080608244517022,0.5029452656159709,0.08028276849059943,0.28130602829604295,0.07387197597479772,-0.015698249239038186,0.21418025714075406,0.21542582762317702,0.06338202219021073,0.01936929347846918,0.14865123651363177,0.31323534963802196,0.09641891694381896,0.3012423200184072,-0.024427894753651473,0.11745150743529809,0.1405335606929854,0.19120757394579826,0.18860510066304212,0.30861635460003667,0.3705870504121701,0.5145556442551498,0.1319264384412631,0.19638291134251898,-0.18745493340065994,-0.151637536173573,0.045553844230569754,0.029818678123163155,-0.08312359708966456,0.05455539874917937,0.31657031792044454,0.21680266024573416,0.4414567104532197,0.4673974619270079,0.22857375657843637,0.36409781784381334,0.4356712085104953,0.41090871574966037,0.3884567844089561,0.4440496698215892,0.4435432034023779,0.38117006796860914,0.31428637271743853,0.24340531430831358,0.2801184508055325,0.22257550338164545,0.2354355253204676,0.3904229751172623,0.38550490505877477,0.6955140675388781,0.1508911534347249,0.4289367553681505,0.06835074379885461,0.43650450105232735,0.14844122769284437,0.4797908025203009,0.25903196168289566,0.30860890900278654,0.2776872806330506,0.18755925420127037,0.3621239193560431,0.38847861273889983,0.22067997216869656,0.2814860111650118,0.0687466070657969,0.3207771545059219,0.21632602799453166,0.20699356261869067,0.36361063706767544,0.40899731509655957,0.1331978328462177,0.16398021990328823,0.17464547602077837,0.47779466664828124,0.0395513452817166,0.09362357926970424,0.10985174864673322,0.24562442405403828,0.27956689663008627,0.09500827595397288,0.3680882615685806,0.17386422161572407,0.08885755446612079,0.10275457821277627,0.1888153060638774,0.19550988386741242,0.42197992275002716,0.2808717654804541,0.29890831654174355,0.12738464405279218,0.30805397540972196,0.25105513784726646,0.21477711211487605,0.16883968041352926,0.22570990305305605,0.12595501472774068,-0.07442044216389486,0.043680317074107126,0.09579093231561574,0.11778599058611162,0.22198538773081142,0.2821721433607544,0.23212219702316542,0.2805063713057004
Frontal_Mid_Orb_L,0.19886350884908005,0.15311497874419336,0.4020535563407396,0.2622018892955526,0.11027836835266412,-0.012599978380776658,0.5107244823244272,0.2014373500635064,0.0,0.3985838490031546,0.47307390198934096,0.06939489296218056,0.4707265872410642,0.33673871240407166,0.38721753710655554,0.1736952688789167,-0.1681344880776973,-0.08359959435416546,0.1947677226004217,-0.017278425013967716,-0.044719654617853766,-0.12040235399119356,0.38826856968417206,0.33508209655234955,0.2504750370133689,0.16532212278444117,0.1057842147525662,0.07755863167408385,0.13181013778427933,0.11874363904553861,0.17002806090467096,0.12070475898552556,0.024101261473114942,-0.07281168077134582,0.07210586211802618,-0.07456303089790531,-0.10083844163798172,-0.13481214061538846,0.011937422504237632,-0.14636884414365872,0.11717417020056341,-0.012256616279998545,0.05263243954505701,0.005000558638034505,0.10634177848601298,0.14317111873745283,0.00272620085820908,0.027587085233873033,0.18186553056655433,0.1744785951288644,0.14376176011240613,0.15594356529185113,0.035452134154039965,0.10673031705775218,0.1425028903739531,0.0922521874417896,0.1342001013378299,0.12012322198173044,0.2399856913975392,0.19225477391342194,0.36323843297058084,0.12515257665178292,0.13148680936182053,-0.0525972839278333,0.27440332635254394,0.11248616426072007,0.08881440271646945,-0.04680236217858472,0.27479631557724415,0.18183103849501772,0.3789758255901587,0.17010124618046077,0.2566176198202722,0.16800214626674745,0.11479270461526589,0.1629778068651214,0.18493479324301476,0.17426173920370114,0.1608514150857269,0.20305023121760496,0.15330260264949383,0.1832160771917083,0.23977604612068318,0.3547906502354746,0.28835596088192483,0.22978999724266294,0.14735212575435974,0.015113988123277836,0.0686168238658106,-0.07241491338087848,-0.003876812408940607,0.1147946578054985,-0.03207335239639514,-0.03948925245929684,0.10640516172660235,0.03425709514533757,0.2472852781548189,0.1766476377992569,0.15606911115132643,0.28206158011191995,-0.10578903709301452,-0.12521068801129154,0.16907469112135348,-0.038391597488910995,0.0939382989056274,0.10929218672692931,0.0018405256352441405,0.1415025538943939,0.026534755141742018,0.17530769937411672,0.06409470714882626,-0.002707368755348858,0.05157817887277306,0.13697058180924457,0.11484364903121226,0.004735601802738802
Frontal_Mid_Orb_R,0.27624501209853164,0.18027390568058446,0.19482820739544687,0.46493325214498143,0.1783342157247642,0.3742059880924942,0.3208854835949658,0.590223183428334,0.3985838490031546,0.0,0.2122495241566669,0.12391418521695702,0.30121151502035515,0.4654282771333238,0.4138009173407616,0.4789137978409727,-0.11889223899840487,-0.18391583716636073,0.16994835838889996,0.14265509705756865,0.08474617173121486,0.15520661805842387,0.3291752404224181,0.4344445713910833,0.10559867144363796,0.19913253993049573,0.21771883397504868,0.21456374739707296,0.05765434120473926,0.1341634782448747,0.15063047374509456,0.2646258060373634,0.14416207197846193,0.21673539583746054,-0.03084990941331795,0.0013904066178350655,-0.17212767751276833,-0.20341334581299292,0.1367503449234021,0.14077056982889838,0.05166989186178138,0.1654620951232487,0.1336176738120742,0.018019601669384374,0.17007865502199465,0.24356923312703266,0.028417044668626216,0.1861500208903744,0.26993359877078293,0.2328931844318614,0.22876591179194386,0.1370300425706324,0.2894476229479098,0.3608400828079947,0.19585581876810162,0.2477510764035549,0.11370998478313325,0.010898057097887996,0.18067573722597266,0.183367043939178,0.4284052533532856,0.5756783581408934,0.027679259596034945,0.1382072882409465,0.14326039637301533,0.30227114471934735,-0.07032621410393788,0.05296419015162097,0.18675996094345118,0.1693590179466879,0.28736562836073526,0.28543412228731574,0.24431779735406167,0.24261867970226575,0.07273086997566829,0.1904993555700561,0.002061330428961375,0.1677062554993154,0.25458526949859,0.32113255259123047,0.19490438973244997,0.21288292837643577,0.11887763777891971,0.20641716537120128,0.2610635463461004,0.4370195718128067,0.14947472602062228,0.23053242482176584,0.23331932063402827,0.33178029648102036,0.24691681522152317,0.22225309881517383,0.48584210042413983,0.3426467682624242,0.058971082249604394,0.0736581299472344,0.06298048200857638,0.09884554066677503,0.24157384546550936,0.16370876055725495,0.2351896148792157,0.2343307496225496,0.17890074958759644,0.2026389081746494,0.09495614314368962,0.1068332871739983,-0.004993393102136223,-0.11283399534134736,-0.06698108327347695,0.15531991975079398,0.05919354365839854,0.025086366085977946,0.2557462854945814,0.278276749621152,0.1924178235861209,0.07087435504599807
Frontal_Inf_Oper_L,0.4476480103595377,0.24086247849868725,0.2542620593066172,0.012758816274248306,-0.18003454594583343,-0.3201639656190905,0.2822977305021146,0.07976710501727595,0.47307390198934096,0.2122495241566669,0.0,0.3397617480123093,0.7268315654292239,0.42013725923424167,0.3582199712588797,0.10501469694290304,0.12050595256209931,0.18937103700062222,0.31543556886309054,0.13420134284319485,-0.10343335050354775,-0.14391431992206125,0.1961113696395076,0.12997725364389082,0.031118201541762223,-0.1808851071752743,0.005131447190889071,-0.08508182295086958,0.2452000176278114,0.152885689638476,0.02478951720700387,0.022522540847087255,0.03124124035142468,0.022981101506184782,-0.13511024614061307,-0.27856754887991864,-0.17043571855298237,-0.13542929643902124,-0.010642379489423934,-0.11682181437657296,0.13136249189628613,0.05530308305384017,0.04175339900442725,-0.005791782793398864,-0.01787000867162479,0.1112042625165756,0.10732903558113847,0.11568310043807746,0.1923070479880248,0.2844327161685413,0.20364057397921417,0.17260093999975587,0.1538018973615609,0.18173206265663316,0.1311522696057105,0.06600390312881392,0.2336570142179412,0.21213034448309942,0.36472038694319453,0.25362652906327565,0.3929495130494366,0.06447703334312009,0.3602408108348798,0.11509887398193967,0.09697795554572806,-0.1237384602955082,-0.14717900157263158,-0.19987069981176295,0.2451525886588373,0.11368886377751511,0.27596691277435476,0.055525635795889816,0.2765622608208086,0.2067459307150956,0.08888504704879768,0.21502138302708754,0.28487504690897936,0.10652047379835748,0.22521599354276114,0.17651330338331184,0.17837057138732734,0.22214058554980298,0.22297647523952163,0.2825218105364414,0.33021204036806157,0.12711307660683122,0.09152691182024615,0.012121744041743454,0.07829970900587042,-0.0055538485535908495,-0.08838188309597633,0.10441282039082135,-0.11883997195736862,-0.10151687768336133,0.12543383854737883,0.14133438021940253,0.16884492054970024,0.17639898434697535,0.0807159333619436,0.3126855203724392,-0.07021898102082788,-0.06240605686238352,0.12904051582499534,0.043181189312647625,-0.07472491013317635,-0.03235474932802549,-0.041634946692812765,0.09802939926425766,-0.02201000676501545,0.07612626343261061,-0.007976270326523392,-0.14886584083972496,-0.1676575173402859,0.09007587929150311,0.12887402113272303,-0.10205415697566694
Frontal_Inf_Oper_R,0.5546970046511114,0.4931531545539045,-0.013516332437067942,0.09554501250760211,-0.1624276541767761,-0.09747955425360494,0.04698683107769291,0.3748567500603378,0.06939489296218056,0.12391418521695702,0.3397617480123093,0.0,0.3361175539085827,0.6008731940279756,0.016930227486957106,0.05962067831973264,0.24028337317103515,0.29003114228244686,0.3474762701611007,0.42153079292859796,-0.06320884220494309,-0.13470019660619698,-0.11436631095222158,-0.12559738848546492,-0.10898056227375158,-0.17592018335846243,-0.1543685168568115,-0.009149064303961304,0.34301049293194485,0.2579972494291298,-0.08783787041759047,-0.04081970826647231,0.05700399368784994,0.26011316515921856,-0.2911927657059121,-0.2991161021151917,-0.36470310498604963,-0.31538474957192597,-0.14700974440540082,-0.04365248925569445,-0.06799067171431981,-0.0036513852906483847,0.1770140993908788,0.09904141133322764,0.17639490249606105,0.38921666069283833,0.13100701233975187,0.24832654811997842,0.4943179932840157,0.6716947800986139,0.5099344907301971,0.5821187751874318,0.5061675020936507,0.5120113348068216,0.3525034785113698,0.3431466068245273,0.39810405135524396,0.491782817489115,0.5798074684025957,0.5867222539096009,0.3574668466702381,0.2485898255756957,0.44975627815523245,0.6205237276241802,-0.25930164362407,-0.24132447378183644,-0.2561904545886569,0.03980246201696093,0.19234829813490004,0.19229851397326841,0.2544659851475041,0.036995038315044436,0.2836097848854069,0.2088971191878289,0.02171528764856902,0.1745845084057958,-0.027557374270828702,0.03719589585683975,0.1941872663471886,0.14188871927678018,0.2921265122287728,0.28067727616332744,0.10473059605958836,0.0464628436661856,0.07567792859950506,0.22414533326741837,-0.12188465577554825,-0.017313441037028,0.11050345170032085,0.19435693242681207,-0.04762556419181072,-0.12592315645401916,-0.013843653035039084,-0.0671619524808534,0.10682099209360145,0.21660640871312556,0.0771903730125835,0.09353351189555996,0.2790283485141249,0.22078481974394965,0.2811789497963523,0.08814151390457076,0.448096874598738,0.3368360612438778,0.023238105699103548,0.05039262737731348,0.23938378411171785,0.13988658533389514,-0.019353447366739353,0.07185820213114155,-0.1173937208602454,-0.012176894218673087,-0.11739456203256061,0.2125351728429615,0.05721384601211996,0.14864253752653597
Frontal_Inf_Tri_L,0.50024759024811,0.22310733626105164,0.3431400989070014,0.10559501834641734,-0.06981036626822969,-0.16885867809996308,0.44253910696969356,0.19080608244517022,0.4707265872410642,0.30121151502035515,0.7268315654292239,0.3361175539085827,0.0,0.4449044680247673,0.43506484576705534,0.2011307530761076,0.09833128780078003,0.02941975028069447,0.34643630792716995,0.13458213194644916,0.06330199970176423,-0.11397418808108456,0.3430246438563338,0.2066632866521932,0.09485687661582118,-0.07376405117168816,0.15684640033082017,-0.004248637906685934,0.3749077754610517,0.1519123862095331,0.10714071650013078,0.06632771344711495,0.09663283903612396,-0.004711910915982316,-0.11125608122135372,-0.23104624892023876,-0.12075770694314485,-0.15894410915509607,0.01769434324364891,-0.04787532765885267,0.06524573433258489,0.13544879364986925,0.18106966064211324,0.12452989877856808,0.08771630285471602,0.19136149825204565,0.1271672805932796,0.14224213147659226,0.27191664375058766,0.30007472144816516,0.26570881736937646,0.1831161604814112,0.18486025225802616,0.2309101812788222,0.2666468893355784,0.23030382200351893,0.1926542752506194,0.16613777422530374,0.42139844090890705,0.24182584458817255,0.4778546629625193,0.1277076779329841,0.3524608005114245,0.07616951323584284,0.1429206044934846,-0.06875699031664023,-0.05032095028955269,-0.0941980369577504,0.2955759769460609,0.13858341015765804,0.379779353220201,0.19585508006228808,0.42113112730183344,0.33184501522354826,0.23339205155107978,0.29910692123907456,0.32657334810837774,0.18017058405516195,0.23808293986034762,0.17030185643468537,0.263513949177539,0.20538467895009563,0.30706654564821767,0.2499856065681242,0.38355471314304473,0.17694369316361072,0.19003289966365952,0.10403100565940913,0.2211672829158312,0.14004987679760103,0.07948862483040683,0.28139730661333473,0.06945590942644922,0.07219481008525563,0.17973761489280998,0.18144473868693714,0.32711805043812175,0.2556515595287872,0.2686441602848712,0.46725371353199957,0.10427600103854226,0.016912724757054406,0.2296156387192072,0.17173688258857994,0.13243599479581983,0.1736961511383728,0.03478218839191526,0.14462451017699773,-0.03808031806737225,0.13170735299477634,0.11518699317520098,0.05862025528380873,0.0250540256356093,0.19687952882141335,0.1988689218468491,0.07413808037406597
Frontal_Inf_Tri_R,0.4120149772456451,0.354776501340586,0.17055440551195641,0.3152326394315916,-0.1276270896238927,-0.0019039899690857958,0.184699054046653,0.5029452656159709,0.33673871240407166,0.4654282771333238,0.42013725923424167,0.6008731940279756,0.4449044680247673,0.0,0.27457060212714823,0.2458074505069234,0.005627647233232621,0.04044449118171377,0.3864534467537354,0.28741112265629715,0.05085677991061305,0.016800970834517592,0.17583131206556793,0.2711151653082626,0.03066825977786535,0.0022621889788020898,-0.10653023569359314,0.050039808519501044,0.23201665777038505,0.2113187436784018,0.07812396700919295,0.18871527832317608,0.027197887644680962,0.21921443736089385,-0.2211614075423051,-0.19941221566617356,-0.33220543248037887,-0.25309481220130436,-0.1422782656882655,-0.13391227465070374,0.01156826643088972,-0.011592807720375735,0.126288306961075,0.04397987988004965,0.11774506803947128,0.24666271593946254,0.011933887548730116,0.11857449101932113,0.3785141425042893,0.41016472488925554,0.35124183589285596,0.40144027362550383,0.38575009244201497,0.39588696524764166,0.23697507224644238,0.22941837463216203,0.28798214504283903,0.26253027007093405,0.417737723129673,0.39248032056042736,0.31984958609093295,0.37744268295387684,0.24696153111592425,0.3929144552527098,-0.09869466034471117,-0.001992589359289933,-0.1803887919513562,0.004496814347189703,0.29185599231790726,0.2724266662885303,0.4649908673351239,0.24186189099206495,0.29858499760751017,0.21061634970000004,0.038276454014598636,0.2378511346235104,-0.043108509825326595,0.05154057056924061,0.2231898237984325,0.24474911131089275,0.26879968249380365,0.3955260948709598,0.1529890882317136,0.28477963287141767,0.1874890355363432,0.40825619172047667,0.01880391782597444,0.03390676461746516,0.008987525647700948,0.15314380033940242,0.05955861832495825,0.013079666592090812,0.08344293891107801,-0.05821495077251696,0.11373777097682995,0.1743640543076262,0.16085484818253382,0.2361138432677348,0.2645320344758362,0.27452829461616285,0.11563780770786275,-0.04324528942632,0.31863814483432945,0.17367910624441626,0.038687027544607205,-0.006962094379216079,0.08907939611515257,0.1144495241014636,0.07860636040880649,0.09050493958739787,0.02947936263278899,-0.078311247146545,0.060175586443930146,0.25014764029457626,0.13670407685537986,0.05456154974898084
Frontal_Inf_Orb_L,0.3600060469285298,0.21986824008066042,0.6535263576768693,0.4178434107955746,0.16453095615239022,0.10993412992352412,0.4048764758143876,0.08028276849059943,0.38721753710655554,0.4138009173407616,0.3582199712588797,0.016930227486957106,0.43506484576705534,0.27457060212714823,0.0,0.7192371334352796,-0.1322072693513974,-0.06735949974255034,0.4277761739664259,0.20555291703179804,0.24382357054822068,0.25980900722039085,0.6456456434955921,0.5360820502644129,0.4473476190600617,0.2797655709021468,0.45056480186650316,0.3288886152839508,0.2544603302211184,0.18827865409890462,0.4797175419237798,0.38346825113818356,0.2073504080877336,0.009970004316319309,0.07163064137703899,-0.09476788728556385,0.08866834943504,0.02425700592323801,0.35712300495996313,0.1874611317328608,0.23792151466183664,0.35557734203435276,0.1846409481509381,0.14581600408762038,0.13492563324113646,0.14842746905639823,0.11153820727608145,0.20014732976693222,0.24355010917560557,0.14663237187169084,0.23621304460782713,0.01792149327939378,0.16146024812561388,0.24321163910763696,0.26480649946258306,0.2598148498561336,0.17193231028124675,0.05703858255445278,0.17773599855960087,0.022837991056536697,0.23470110383008894,0.04852935379137781,0.16456700439544486,-0.006821373181262201,0.4316711416214015,0.01676113819428498,0.016023404709448793,-0.0898232146091573,0.2976065922994488,0.1974933595328897,0.34000149528133616,0.4525263531945686,0.3736234512730775,0.24056155729483156,0.2173394513948554,0.1865569194170672,0.2874791860897319,0.12286051323990924,0.1663315570271434,0.22857082362444184,0.24544850969146353,0.28562592354932786,0.5282510197129129,0.37535973398136097,0.6510869481382571,0.44247764919351223,0.352761291009085,0.39713041856269843,0.3878520581884146,0.32087520460942676,0.24870831982482258,0.5137497576398316,0.3859172869148315,0.3775346756558948,-0.042936760665096066,0.10462854368290865,0.14018951725647738,0.27240867586094825,0.21391846415057955,0.4002757428677921,0.22286307840305422,0.1533073997446433,0.19400154797830751,0.18111449327109497,0.20290276444151187,0.22001673714739012,-0.17950998078841582,-0.12787354415684715,-0.23326441564361447,0.0123170477661387,0.25977839362976884,0.04345757421041386,0.11108892293171646,0.27448713260806473,0.3100157284399818,0.10944458925492095
Frontal_Inf_Orb_R,0.3777727386594513,0.25626314323725696,0.5172417250659151,0.545494998594381,0.25571078996365953,0.40864712365731515,0.389825183518294,0.28130602829604295,0.1736952688789167,0.4789137978409727,0.10501469694290304,0.05962067831973264,0.2011307530761076,0.2458074505069234,0.7192371334352796,0.0,-0.03445666418263009,-0.05670748547896892,0.31528332785433505,0.2817235169406414,0.27402760453179165,0.2957180405569837,0.538646173591566,0.5668261478271903,0.47618630957622005,0.4719503008754848,0.518021711290842,0.3774204480970635,0.20606356369662973,0.26286186155508146,0.5041507016503128,0.4730362702830574,0.3705259106593308,0.23995853317939939,0.24047666467646045,0.1598586027067203,0.13595532696018103,0.0005710592902719126,0.4943042322205339,0.3671173565305981,0.17315297693344384,0.4459086978511584,0.32685201573197264,0.2811570401219466,0.2760370585073132,0.2673159415139689,0.25583182377968644,0.3296511529384752,0.2601270420865177,0.18598809672620734,0.2967410266448474,0.08240823964524523,0.2802944173194218,0.3128345805447679,0.395137548374683,0.35916650562860186,0.22058769434961575,0.11768808508396444,0.1393202236247658,-0.010278597194092833,0.24925256508854318,0.21672045300085696,0.14577924861633934,0.12186923866429565,0.4591415345864058,0.1808975351357541,0.11385876005861635,0.1039607213880135,0.2677940700400995,0.18767301323199848,0.3244454850790388,0.4561802487544679,0.36167270427028453,0.33389263498753263,0.31411963949721616,0.19498635682489912,0.2968014308033272,0.21989412093000144,0.23692288201142594,0.3541169237018664,0.35126399658582635,0.4041706502890248,0.6008020085144156,0.3772306281172449,0.6034752986649012,0.6130438397601067,0.4095344516609782,0.5270644040270005,0.46421682806115205,0.4857474636523512,0.17955126374575311,0.38942344040119153,0.551660447470679,0.5362851911542607,-0.05652774786769263,0.09083134326989548,0.11224240015500392,0.23297289819883077,0.21599739707810728,0.30297242862415524,0.3755721919483806,0.27822667165260384,0.24594451238800538,0.29904711271230056,0.23970115401693376,0.2756621742624188,-0.17096025086422684,-0.205500790867688,-0.22070815446920597,0.10374386937876443,0.276821399970348,0.14985070005361253,0.09933641023490354,0.2834230985082713,0.3110259379109045,0.25553410844972646
