,Precentral_L,Precentral_R,Frontal_Sup_L,Frontal_Sup_R,Frontal_Sup_Orb_L,Frontal_Sup_Orb_R,Frontal_Mid_L,Frontal_Mid_R,Frontal_Mid_Orb_L,Frontal_Mid_Orb_R,Frontal_Inf_Oper_L,Frontal_Inf_Oper_R,Frontal_Inf_Tri_L,Frontal_Inf_Tri_R,Frontal_Inf_Orb_L,Frontal_Inf_Orb_R,Rolandic_Oper_L,Rolandic_Oper_R,Supp_Motor_Area_L,Supp_Motor_Area_R,Olfactory_L,Olfactory_R,Frontal_Sup_Medial_L,Frontal_Sup_Medial_R,Frontal_Med_Orb_L,Frontal_Med_Orb_R,Rectus_L,Rectus_R,Insula_L,Insula_R,Cingulum_Ant_L,Cingulum_Ant_R,Cingulum_Mid_L,Cingulum_Mid_R,Cingulum_Post_L,Cingulum_Post_R,Hippocampus_L,Hippocampus_R,ParaHippocampal_L,ParaHippocampal_R,Amygdala_L,Amygdala_R,Calcarine_L,Calcarine_R,Cuneus_L,Cuneus_R,Lingual_L,Lingual_R,Occipital_Sup_L,Occipital_Sup_R,Occipital_Mid_L,Occipital_Mid_R,Occipital_Inf_L,Occipital_Inf_R,Fusiform_L,Fusiform_R,Postcentral_L,Postcentral_R,Parietal_Sup_L,Parietal_Sup_R,Parietal_Inf_L,Parietal_Inf_R,SupraMarginal_L,SupraMarginal_R,Angular_L,Angular_R,Precuneus_L,Precuneus_R,Paracentral_Lobule_L,Paracentral_Lobule_R,Caudate_L,Caudate_R,Putamen_L,Putamen_R,Pallidum_L,Pallidum_R,Thalamus_L,Thalamus_R,Heschl_L,Heschl_R,Temporal_Sup_L,Temporal_Sup_R,Temporal_Pole_Sup_L,Temporal_Pole_Sup_R,Temporal_Mid_L,Temporal_Mid_R,Temporal_Pole_Mid_L,Temporal_Pole_Mid_R,Temporal_Inf_L,Temporal_Inf_R,Cerebelum_Crus1_L,Cerebelum_Crus1_R,Cerebelum_Crus2_L,Cerebelum_Crus2_R,Cerebelum_3_L,Cerebelum_3_R,Cerebelum_4_5_L,Cerebelum_4_5_R,Cerebelum_6_L,Cerebelum_6_R,Cerebelum_7b_L,Cerebelum_7b_R,Cerebelum_8_L,Cerebelum_8_R,Cerebelum_9_L,Cerebelum_9_R,Cerebelum_10_L,Cerebelum_10_R,Vermis_1_2,Vermis_3,Vermis_4_5,Vermis_6,Vermis_7,Vermis_8,Vermis_9,Vermis_10
Precentral_L,0.0,0.5519383180867612,0.10834589684388206,0.17281926530744707,0.07818369006341229,0.1031000267065729,0.27076483087021475,0.28813687589543,0.22220000441187865,0.1776058685567479,0.3908959255980926,0.5231096279119655,0.29260653090960853,0.07071168331059628,0.1497467549413454,-0.06234157742622325,0.35903013156301355,0.23246986772813472,0.4696218951886992,0.453692406914301,0.03098296852006537,0.023509108335612632,-0.05530041078716998,-0.06783178590488481,-0.005616043453828033,-0.10543877365835032,-0.05453194677618996,0.12049132160953258,0.33725657657551306,0.22896171219949693,0.06126178921211061,-0.015426145136999855,0.2758723218475394,0.3050485691125272,-0.0775195124412222,0.016118179510724112,-0.21429261592237164,-0.08616203753935207,-0.1387305255491086,0.09874066276243786,-0.20424905080153036,-0.1828406161927912,0.1933883506065551,0.22799776110360984,0.14300150986206256,0.18157765442146906,0.09946993906647406,0.13740498934332282,0.08926116934012969,0.09106620689691036,0.17616336705653265,0.13463548054877347,0.09685840437321534,0.13039398588824097,0.018604201119282075,0.1652395898560037,0.5001315355017045,0.48223418929718154,0.2946983787253215,0.10870480719561718,0.5141472872020576,0.09145905875388821,0.4044170184272609,0.18714015236852083,-0.13624414844038868,-0.21754934801898113,0.01638111846263274,0.13602879946388124,0.3517578142387782,0.3374385690303319,0.14249932009003816,-0.042946833980658745,0.05459811773993868,0.0240033651619268,0.034346833662059574,0.14778329256488734,0.15898288737887312,0.2288136102984558,0.2295507284892359,0.1278355377093488,0.2205454726528615,0.001050140936171083,-0.08723422202076755,-0.0199963117654351,0.18695526315713318,0.17470680837997893,-0.015925694687510566,-0.17057779141927878,0.28504323491770117,0.2529948315268227,0.002435927000156461,-0.0524506801148265,0.1483353659210619,0.019870647309306405,0.2244795944957001,0.011337882658897918,0.11457912044536052,0.040781904450608565,0.27138047522335945,0.2593563662564272,0.18206491104391548,0.12975017868835564,0.2539433497284759,0.29473693532555123,0.105294504802668,0.2509048211285397,0.19300410219646177,-0.01092719294440118,0.18029351344689543,0.10669102586949365,0.03289586394049488,0.20266605463306842,0.1991774144281362,0.18432644818030547,0.1304652575284998,0.15935266881022436
Precentral_R,0.5519383180867612,0.0,0.0817073034459447,0.1635970790311824,0.07821633894938415,-0.12492204606919761,0.15938816442024015,0.19399731647826024,0.10703396915787067,0.05711935485873464,0.19617553755367734,0.3584832658275333,0.08363095289788797,0.07442923357047637,-0.029110353474102443,-0.04162027934066366,0.38878199940859764,0.2667216446630154,0.47686495419933467,0.5138848911356435,-0.1105635515801401,-0.10136641989697864,-0.07889762724076507,-0.002047208662148544,-0.03142243414764276,0.053889591213432,-0.024248480410813955,0.11329604988438399,0.16405608226805127,0.2031744872965888,0.044181584564753004,0.027458870308814623,0.14678753863683014,0.2195572790114242,-0.20485493665494495,-0.041849054795408146,-0.2570515911465614,-0.12943750408438567,-0.17952334801364722,-0.02789367367935527,-0.16075017374036318,-0.017989664439375424,0.09700699104952783,0.12046697932130129,0.07549081268646839,0.1414195562305145,-0.003968985517886667,0.01568446942579986,0.07226794353961612,0.09520159664330652,0.10458190753652545,0.11216156197044362,0.06425641247332958,0.06457267005463657,0.004641090444194087,0.07426834383381294,0.5751990571675516,0.626290284573926,0.15733793726525638,0.09824079470679835,0.23468074871408,-0.009985512327225683,0.26295233853697725,0.18474209829180338,-0.12466229949179294,-0.2020601771361725,-0.04231097906843734,0.016821780004490212,0.40862582741783554,0.5175789676359358,0.16756502351623015,0.009680227564704217,0.14869807905207746,0.21689748733556066,0.008621203982779683,0.20640472862182233,0.03374492764498381,0.2651986751216598,0.19205989670268653,0.06547576156871121,0.19647814210495895,0.09348009584607282,-0.04523373648080264,0.148561896860971,0.11114421255765251,0.20064699211818363,-0.16204587615553337,0.0072678102908224785,0.09745588861305397,0.12706794312269373,-0.025620092515175535,-0.09681668022320503,0.004708768811713456,0.06327417774621226,0.16047026856274196,-0.035481812146692174,-0.02501222510337854,0.1871827276629414,0.26372766474721554,0.16541107667526653,0.13141915131294854,0.15954829480793445,0.2205958262287982,0.21525616659493244,0.01440645770570877,0.1291533739970169,0.09026049427760953,0.027487794140401083,0.15424945775218413,0.13264165706449352,0.04038595821423911,0.1840202031486979,0.09415394884374448,0.12060900982012672,0.11903425435063626,0.13614774902234772
Frontal_Sup_L,0.10834589684388206,0.0817073034459447,0.0,0.40293495910211424,0.10815592477791033,0.25197051291526,0.5471291222904231,0.1825765909672072,0.37185555893306677,0.2151578026970242,0.16388561179871738,-0.018208157596063142,0.22753847757823853,-0.029200969393651608,0.4752841764139147,0.2563793646136757,-0.18793589393140764,-0.2734725951561009,0.11151157617307088,-0.046647369339276455,0.05317393390626797,0.06567014746329847,0.5739234324828122,0.33556323456715614,0.15903993354228413,0.06417942189747024,-0.07671418815687493,0.0790561885318669,0.03261272735118703,-0.22614008621210296,0.18505882988594602,0.203290720849354,0.208997609449437,-0.05620061595578093,0.3310941073874497,0.17497708694566272,0.0707759965853078,0.031228984691447585,-0.10399682047140851,0.07560201003639014,0.20666134275051903,0.09182827421217334,0.16553683384599854,0.11979559798483488,0.024806602613566566,-0.052786077220685575,0.12859197084692445,0.04645916360098847,-0.1351163227086974,-0.11060026599910977,-0.012702165124727676,-0.14175066555383548,0.05417830595425189,0.12310076703124398,-0.07917682751096676,0.07471027346100048,-0.10901347933898448,-0.13123684798961924,-0.07753600604553003,-0.19272071862730317,0.1891914353338756,0.17099734825957996,-0.07805043444531193,-0.2101703126119578,0.6096906820132896,0.2793622037642125,0.1482063575572741,-0.06368941728186568,0.1421585707596872,0.07528064526999603,0.2032383290902974,0.11711532289359,0.17342167029169195,0.011332145997291904,0.07030833220247797,0.12242565742105618,0.2551631950687504,-0.0019129070150944892,-0.08622179134841644,0.06196961989477955,-0.019156697017862146,-0.1630895540109425,0.016091727542005167,0.16294205834549216,0.38549605978382484,-0.010750176269380855,0.2172890409778286,0.009030963583085097,0.20626948628734648,0.28603376549387743,0.17639924737840287,0.20718386907625405,0.23109088298303385,0.15657401990096367,0.18282637462038875,-0.04314380218275579,0.06098348952931998,-0.14200220992162693,0.05888151727152892,0.2211294586741643,-0.07734232597531458,0.16634151733480795,-0.19973307715456812,-0.02908678565812224,0.28260373797312177,0.2461044580749602,0.1771700790177572,-0.18353674124464686,0.10140931016455713,0.0696415138775128,-0.14874714735243438,0.03373538963129812,0.1453174684127893,0.06743929655970553,0.2241173530720341,0.22884822625177018
Frontal_Sup_R,0.17281926530744707,0.1635970790311824,0.40293495910211424,0.0,0.15711342171696072,0.2820398838986962,0.4990615903584492,0.6341790929607876,0.4315317985685635,0.49721237513030475,0.017758876197020844,0.053378926071538046,0.12674767878813578,-0.11718485897617094,0.0525404463878581,0.02522203989633478,-0.045083077741071,-0.29792850236357676,0.12123384815859953,0.09868276089168092,-0.05278002678024195,-0.07868444969036494,0.15203870658344257,0.32917519477844553,0.02116944003187318,0.08925456106261655,-0.07700922210212667,0.1611015956255006,0.02229788466521262,-0.14316563132244572,0.1643852727620075,0.4361521296783078,0.33866227009045363,0.1962091845221255,0.36415663474073695,0.42097514934366914,-0.08167965149830418,0.061311497380387235,-0.17473810609815202,0.042078356815016475,-0.009050971628299603,-0.048328220101539046,0.41445833501168516,0.3342172170923251,0.3610926142052917,0.21325679991903573,0.22068100561581896,0.21514475050963414,0.20633204970426436,0.21545486937018202,0.21366101649533065,0.11498459204457974,0.1927528869993591,0.2364608753372809,-0.024537544531806076,0.08853795517052784,0.08465895859768437,0.10063086250134308,0.1695261904961838,0.34125448553000187,0.2261729683777304,0.48185457408947047,-0.13713355829141963,-0.15712703843835588,0.31013999439285866,0.4938212608838167,0.37555656010284094,0.3716290383076076,0.3103360918706539,0.14597064215685215,0.16486746233127444,0.10915276604953895,0.19894981430485445,0.11598541249322981,0.16355479989201505,0.20325075353599703,0.17885693312479503,0.10752744125151403,-0.04217573001938597,-0.032019679963388614,-0.07093357526569025,-0.1376936499223003,-0.16407070893524917,0.15040545548414905,0.14254547102269433,0.21416667029092507,-0.06953230330601087,0.028345431368029583,0.13108349036322708,0.3614712243374458,0.4652788917561067,0.1678590822932849,0.47070860861084013,0.0719728230142734,0.22154788017019109,-0.10492392163756203,0.08266282091361775,-0.13047024284663275,0.33050662434553046,0.37131787984525455,-0.08666509521335625,0.09396881647312771,-0.13544499617535338,0.06617496292139549,0.19214663934504297,0.14001251101057138,0.13834282756036073,0.04279171821089135,0.18317930430004598,0.07800473089641323,-0.02167539861073306,0.2863037476448439,0.33580349257139525,0.07381030172093028,0.0871509239174243,0.10362072939355343
Frontal_Sup_Orb_L,0.07818369006341229,0.07821633894938415,0.10815592477791033,0.15711342171696072,0.0,0.09918688892815213,0.13596131691515267,0.15842276516683665,0.14587509563782858,0.13180866903804458,0.08145558446996555,-0.021419451238943572,0.10367382195858338,0.10248667520182925,0.048525793658761314,0.08624491773884732,0.06452930606387214,0.02023677600579781,0.025532094724527183,0.005507129179375661,-0.0007072638664196028,-0.005559237441778423,0.035843664655483845,0.1727921901009789,-0.04300510310513625,-0.03393670120733093,0.08940570119691188,-0.12176975588281709,-0.018461744761087237,0.029160862690983627,0.030767669330697356,0.1302217464655161,0.15909009089014745,0.08564612290510105,-0.04941360512079528,-0.015036335063614388,0.007158168586169207,-0.04677217649518854,0.01153174901242447,-0.031636967904759825,0.08209200455257092,0.1212904343962548,-0.05517208336654787,-0.05541320314038853,-0.030723535255590906,-0.03685920391165442,-0.02560876256547722,-0.07793396723566355,-0.06559801453974479,-0.0665045427109747,-0.037544273241346765,-0.08418654566056938,-0.03885504669963084,-0.07782490159762713,-0.11054683967432685,-0.04522847563999378,0.08233147168189926,0.10117719525435591,0.04959855029794299,0.04514481731858998,0.06921980307987988,0.1447595608331985,0.05661322401732076,0.12824685839006195,0.04316498398535084,0.02214778195373284,0.028150215233353558,0.026424692533623877,0.07446141742775465,0.01401699519524848,0.08583751913474125,0.08847676694870701,-0.05689956394818404,-0.1436425800485483,0.02664923546098823,0.024748009119561085,-0.044265924473333405,0.0032126569163223066,0.08431778261931212,-0.08666283230746699,0.09184266481681413,0.10960032657461816,0.112165806750834,0.14039281363642314,0.097339966122364,0.189522189148637,-0.004778294091013534,0.1560253446836208,-0.012818247396468191,-0.012931515258046523,0.04795224334406164,0.11600513382787314,0.043360075078966415,-0.017762260138332844,-0.06198271730720399,-0.058862818554650115,-0.01912006458420579,-0.0030403060996421704,-0.08469221750434457,-0.01847976288779847,-0.07047946078187493,0.039073713134132604,-0.02339658979488242,-0.06247176304298947,-0.05369766109472638,-0.09457033612558394,0.09677326138471029,0.09885231321671735,-0.0763380126828541,0.0055289457204121435,-0.057879872806581203,-0.1099773319854319,-0.017476651640713686,-0.11302686480747615,-0.13795296907837543,-0.07944714120287351
Frontal_Sup_Orb_R,0.1031000267065729,-0.12492204606919761,0.25197051291526,0.2820398838986962,0.09918688892815213,0.0,0.1690157753954601,0.30931064978381806,0.4420836160570058,0.5375880036404934,0.22645382827199897,0.11119236449773634,0.37787949200389825,0.1016970004196296,0.4138019962742173,0.2781572568481895,0.08400169770794436,0.027025682609737766,-0.16866820189128345,-0.16537683830733227,0.37159369494276057,0.4363609256329629,0.04938679055061048,-0.01429371112963053,0.1154992973431931,0.05992649297963358,-0.16971833657786264,0.0630194087834603,0.11994536643467792,0.0013365482101554997,0.007610207124238128,0.19614790622624895,0.009841821209470875,-0.050377920160369405,0.28278695824260563,0.24874295214522826,0.21933873314002816,0.2370661854648843,-0.0022216096031505684,0.3461476456908163,0.29305452882790667,0.15370760173251746,0.04922202073150314,0.057230091506033316,-0.07985861225045225,-0.1061776561546037,0.03595245911708851,0.05184102783917725,-0.16140545709135218,-0.09510807577522559,-0.003082631415080014,-0.1571838061841359,0.011955621274986407,0.0954438052992098,-0.013507676658781375,0.06044566893820513,-0.09176255723505455,-0.029810761285563633,0.05799877912353138,0.040004323230068625,0.2818236470838274,0.2682865413056553,-0.08844669626440725,-0.16190850501204743,0.17189093283930393,0.30106124775108223,0.021342630859809458,0.06869034021282194,0.051537184789793744,-0.10247189333749154,0.0030627880898404245,0.1732832010069757,0.037033347714114755,-0.03233311879531688,0.1650351374952304,0.03627500214572232,0.07542830029852822,-0.04545574619992374,0.057732224906624906,0.13495021102956167,-0.01830969344318373,-0.07291423219961887,0.09380143165055865,0.0845544746401241,0.20354611064758896,-0.0029499095838053744,0.19713306830247895,0.04389303107084328,0.3745588414183645,0.3360056463611436,0.3513678781675018,0.29670815988611315,0.41391646341961746,0.018615671733640107,0.11015695339336999,0.177225031219962,0.2999076726942761,-0.050540819497523946,-0.034482687275912034,0.06275542226795415,-0.03363578710517787,-0.02007946355783588,0.02121382178263999,0.09866125564486354,0.2840813869182836,0.2742707206427792,0.17265241295152914,-0.2611310652847079,-0.0009197981649418452,0.2828500895993429,0.14554944269862666,-0.031211789456584843,0.23448415888429264,0.1186475843324482,0.12219890280935918,0.1456751022313288
Frontal_Mid_L,0.27076483087021475,0.15938816442024015,0.5471291222904231,0.4990615903584492,0.13596131691515267,0.1690157753954601,0.0,0.5390004930840017,0.5531665581029785,0.3363852541813212,0.1809567585448899,0.007082404287063678,0.3438118658725035,-0.027429208400930723,0.23557959219140298,-0.12279513551297505,-0.03359154918314301,-0.1664071322138043,0.30975983650141053,0.19686954549931854,-0.12123600910141774,-0.10553181669799636,0.2829834977487732,0.21085606420868475,-0.09261934136594686,-0.11760723657514605,-0.06752489984852719,0.1648271669767456,0.16435420653323904,-0.08672479390590822,0.3590934803310807,0.3500979768467912,0.5052921214353258,0.3168475115577022,0.34430720707043094,0.21532900917374453,-0.116444094360734,-0.1399719799076508,-0.2981930941377597,-0.06748151349614016,0.04533839417891057,-0.15668496940269,0.38574202269704205,0.3249808040492982,0.32078260123162666,0.19177707392511897,0.22868805875654646,0.22324119549689092,0.08963963091607685,0.06314139071464543,0.14713353263516427,0.02426892054685335,0.1367085975728351,0.2648755080048137,-0.16070919276433157,-0.001959187930395868,0.113494412829763,-0.04826602418766435,0.0677650001202163,0.021925717425727395,0.3733328496270866,0.37185436744124695,0.06183881484724058,-0.015506743305177354,0.4228181306337471,0.23702853766868992,0.37381881705596487,0.23329996881926085,0.2997746153505949,0.1461917566333844,0.33495802728354507,0.22463306164382235,0.29895692916480576,0.11539726270271451,0.14643741723514359,0.2946754899970832,0.4061633901408536,0.2295864048234178,-0.11184099889480874,0.05367955425577753,-0.0753512399930518,-0.1305152268840107,-0.02901862999151768,0.031616155646602175,0.13802775524290434,-0.023905427598497973,-0.014690156996992798,-0.029328905249440106,0.1227242335433732,0.15282597791388633,0.2854074165468792,0.3153156445008753,0.31458882575237557,0.22306185699590558,0.22472421100901965,-0.0483756318729824,0.02136088818505049,-0.17305808262350067,0.2088248776667457,0.44121358149580703,-0.032519685255764305,0.19924009575053653,-0.17718706609700732,-0.004677345206853199,0.13975819445952428,0.23102532339952384,0.04002494832391806,-0.05186749062743388,0.16457258219286716,0.028996717587131952,-0.1061339610316784,0.27869997325557516,0.36218378586441485,0.06425128669525283,0.07104379768359097,0.08784777732974887
Frontal_Mid_R,0.28813687589543,0.19399731647826024,0.1825765909672072,0.6341790929607876,0.15842276516683665,0.30931064978381806,0.5390004930840017,0.0,0.49857759072943836,0.548667802168427,0.10785187760546341,0.2513674381751948,0.29437853243375656,-0.024908683782999846,-0.04817810221357318,-0.15775976585796794,0.05726345191620385,-0.05335260397111372,0.1372480286652576,0.1647145574590068,-0.12991095157700552,-0.15627914498084125,-0.19901804757120858,0.01584049429896448,-0.1182294779927311,-0.03344980180783913,-0.08959793290931264,0.15983952761144854,0.21990757530310187,0.15800911008720617,0.08721707086893699,0.4225740022857205,0.4090296150494257,0.4628347081336617,0.2660056876144604,0.3007098606959365,-0.14684454483622117,-0.04975161897961054,-0.15973908578830515,0.14566243859286018,-0.05426420321318014,-0.18395326191214154,0.5338082512020529,0.4735124887265011,0.49307533253787666,0.42938421675202915,0.4167332881593489,0.44798732026033494,0.3625461904043584,0.34833442767246503,0.4431840196490424,0.2481623305348009,0.37456403145863615,0.3408116332491386,0.12391031680612444,0.18927782482905414,0.12529351749758058,0.17484188618334287,0.31503737296733453,0.4777141544568539,0.43876409113145626,0.5320673778103455,0.0042067386827067425,0.06191291146396223,0.017293497771419964,0.2666621821829642,0.3362575170094413,0.45600640017499583,0.3725546659302289,0.16223034327358632,0.05949434533440416,0.05110508738899679,0.1430073707392388,0.07473866833752192,0.18903573745771324,0.20294932741223956,0.2377650243925292,0.32512781415299946,0.06739496156197289,0.09765872823495701,-0.05382805012797114,-0.056230352119582515,-0.0823957210968896,-0.009742455444290568,0.004966974545222568,0.15475267938656545,-0.13114857855755563,-0.06646125412945197,0.24962441256666676,0.2902782744434139,0.38676174639334876,0.15205750263687526,0.45130362104442706,0.07233895112952193,0.1536707285150292,0.04379720652103444,0.10109417439735595,-0.12659259897905875,0.34092960226630675,0.3332246236936978,0.009646011517082404,0.08010096010092771,-0.016471927510602617,0.036679842222571736,0.077744956316314,0.10276890704396986,0.13537161283407792,0.06601638430963071,0.10720601796200185,0.10197946921166991,0.04571411795744793,0.3134781767188064,0.3936511657817756,0.06100671572189697,-0.059457844960682564,-0.0203413750205544
Frontal_Mid_Orb_L,0.22220000441187865,0.10703396915787067,0.37185555893306677,0.4315317985685635,0.14587509563782858,0.4420836160570058,0.5531665581029785,0.49857759072943836,0.0,0.6852667100191691,0.3491304227630126,0.174938271776195,0.492382427143622,0.058570626020371074,0.4626717778587908,0.09760614097841452,0.06688091730004124,0.002122225014216946,0.0748294782962481,0.026882525718095095,0.22675583987710846,0.19267831549567485,-0.006235710349523856,-0.050150807735013646,-0.009605054236345268,0.005503121820935235,-0.14126327064030714,0.07359401085824742,0.2077140509309891,0.014105392328540618,0.15904272246621484,0.29470632510056854,0.2598573564581057,0.08731617856420167,0.26379971303891436,0.14367590767183855,0.10104994382708674,0.07509126753011593,-0.08652112990506063,0.1798157083910676,0.2844887150882799,0.18006683982614308,0.21796072192512433,0.19044464870092626,0.08219205823034102,0.03537451123553324,0.1128597136641373,0.1035432912080228,-0.02312910706438804,0.05473760738378063,0.07312036930041504,-0.0683562712708089,0.06434857544155538,0.12792533483670737,-0.014228446673187444,-0.0007140131954182899,0.06275900215792028,0.009083620042184649,0.11871961879702611,0.16419884395323125,0.49629883341284775,0.40601881141028334,-0.036280242755967335,-0.1637014576757345,0.2928275796909926,0.36785237039699525,0.08322424835537774,0.006449345311049537,0.1816149281515378,0.05463303369135576,0.14258280086397376,0.1700487922196452,0.22188521261226224,0.12098169810906029,0.10164970820909654,0.21254625562557525,0.07992213692504037,0.06423023181854087,0.037403362900628616,0.18446028055808927,-0.014354903878805489,-0.17939936366468412,0.1348747850611597,0.09244568023820801,0.2158104244265407,0.04550797140947707,0.2072300536561672,0.030447026439633644,0.45393041207285706,0.23901700018674074,0.35431962338459594,0.32908043608639664,0.3341732096319175,0.1005416485943291,0.13982475786649026,0.12571001844935895,0.27100203664802314,-0.12296601128426242,0.07747443655629402,0.23087806376162978,-0.09731158098933657,0.02162922045904501,-0.11131001370236661,-0.014404604479486079,0.1221527884699425,0.1311831699297531,0.1124583183382726,-0.19277655342781982,0.018788227964705702,0.2588373405382929,0.09040245114844479,0.10835242999192796,0.28884171988523744,0.08368548373767853,0.11804919349640441,0.18361287347046532
Frontal_Mid_Orb_R,0.1776058685567479,0.05711935485873464,0.2151578026970242,0.49721237513030475,0.13180866903804458,0.5375880036404934,0.3363852541813212,0.548667802168427,0.6852667100191691,0.0,0.2644607059419282,0.22485918716892545,0.3851435795126549,0.006658021428015055,0.3003224005059151,0.2083964709816467,0.03335593299830642,0.014259666696125217,-0.0709388451083266,-0.11268026801158096,0.1937071117009932,0.18911600843150853,-0.1629001563710085,-0.09516973186801235,-0.03919231854112863,0.014712958193200478,-0.18114237629733831,0.14536204164338343,0.12373705265761174,0.040465528127977,-0.08047693380982601,0.27486578366323594,0.11352732165087179,0.04158980620990234,0.18070941668491383,0.165353917916759,0.08123191543839237,0.11426852207893695,-0.026309240669957774,0.2692947842651691,0.2736959933847273,0.17858601613017344,0.2524555659164701,0.17886230546686258,0.14941463614867115,0.11295723807204631,0.19335285813568437,0.14550043189803166,0.09194516854835195,0.19313626990296176,0.13815929232363372,0.006586107474386333,0.11166958393772877,0.08715481530740866,0.014076953963980312,0.0868552222389323,0.0007943118884144284,-0.0018100054449428072,0.13711510544614589,0.2899195901038545,0.3904425117959558,0.45724707387718727,-0.18042235688565106,-0.23078411852633116,0.14705762124042546,0.45757082274216976,-0.017078211161390657,0.032950725204025165,0.11473600690176836,0.05473956270143364,0.048681252158435086,0.13413653988471372,0.1489182319126241,0.12309896588516163,0.1367476555802716,0.12370924438026962,0.013245244635011453,0.0757044415963821,0.019392403814205407,0.16182422964707985,-0.07965122400929603,-0.2656026025156815,0.10281714216327908,0.08016653209941958,0.06706295720224809,0.019498842826292336,0.1891664523419843,0.041998699259893905,0.4170899185567546,0.3071895923645007,0.43162026331890563,0.27702994571767703,0.4249201988641488,0.09439756438006205,0.07170024608590654,0.11312355343149312,0.25571586581012523,-0.05095620223347155,0.11942378796581685,0.13036525457988665,-0.0891699193046145,0.08195339342360793,-0.009369004087137246,0.0520899651907681,0.14604316311411902,0.10859343877009732,0.15151096368649394,-0.18985035282069804,0.009390842586015942,0.262629956591897,0.1281564625765126,0.05136316124485732,0.25859983257939634,0.06233267990367903,0.050381651930645144,0.0762283064337058
Frontal_Inf_Oper_L,0.3908959255980926,0.19617553755367734,0.16388561179871738,0.017758876197020844,0.08145558446996555,0.22645382827199897,0.1809567585448899,0.10785187760546341,0.3491304227630126,0.2644607059419282,0.0,0.3936405971359631,0.6838010233358811,0.34526705926071677,0.41739652749925965,0.16010503767531478,0.3386612636180045,0.3247261178161922,0.29943920909407684,0.07942776620816873,0.10930216137904875,0.22787264214454467,0.08297463341543053,-0.12855812962360819,0.012430416930702735,-0.03185644443832568,0.05862793444855372,0.04280036080193415,0.381740516708742,0.13876982639982685,0.14368302199527386,0.08215419147196525,0.251555795141496,0.03867822329990326,0.02174939338991267,-0.08920038977993672,-0.07496262980592416,-0.06892594724270748,-0.1746349117954859,0.18412255035204317,0.03487951960961013,0.06625498295126388,-0.04513885622010976,0.014259703719923373,-0.07288459720552405,-0.026104347115941402,-0.14273636318624888,-0.11203288676703127,-0.09524565880889073,0.0024778900873631974,0.028230356063135467,0.03524321727783682,-0.09232810624132944,-0.004960794315242083,-0.11321690138699288,-0.0563246238624394,0.24014739614826647,0.23502671897279587,0.2348441642559128,0.0385577289097695,0.4593486261360154,0.08787475701362338,0.45523963917108917,0.09614844092831364,0.16427337621826296,0.07150944627282244,0.007765599978317685,-0.04575533493476768,0.12143316765590345,0.1896489151281438,0.09000147533049971,0.0710418015458255,0.0483774446251649,-0.06657459046057299,-0.04210541118916319,0.07371079061465541,0.10914187397204458,0.08721737747959941,0.060899769959148385,0.26204224577986124,0.17466088894391543,0.07529517226748055,0.06908123081781603,0.31623818970504813,0.3920459546374163,0.11979186049390844,0.324508105391266,0.058391112638871284,0.3811709282108138,0.07584527411360323,0.07108249444235656,0.06003622322405904,0.188172666832896,0.1922408920443361,0.249069755784058,0.04470218039906912,0.10824257860621567,-0.22187906522122464,0.00547406895722323,0.1626465955213951,0.02300118741444664,0.14153054845051588,0.10429525883427482,0.2689209780820431,0.19783845166804964,0.2100219044068682,0.09112693538642413,-0.22972687197955668,0.2409472961711915,-0.07644757996618785,-0.1967480537203178,-0.06273952756079738,0.14999563720298525,0.28624915924935734,0.1940623222848722,0.2622383507343807
Frontal_Inf_Oper_R,0.5231096279119655,0.3584832658275333,-0.018208157596063142,0.053378926071538046,-0.021419451238943572,0.11119236449773634,0.007082404287063678,0.2513674381751948,0.174938271776195,0.22485918716892545,0.3936405971359631,0.0,0.3671363381492788,0.31482223158548356,0.14512464663387512,0.15182459872686757,0.25879463122754964,0.3910561700526363,0.12343265081159091,0.140328410036376,0.08085450405766675,0.07535213441792979,-0.19080111435630742,-0.225636956166434,-0.015288429318358856,-0.05289275156725491,0.054494651503552295,-0.010143378359835857,0.4101769827359129,0.36011227038650834,-0.04382671495167092,-0.028068492939587023,0.09715531472098728,0.18006198458686803,-0.18496880021925446,-0.09170951186269978,-0.12717529484127252,0.018725754044473786,0.009834103497372343,0.26802703305799386,-0.14203225386768883,-0.005571579119809267,0.07079196638033419,0.09629491288126314,0.04434214914934333,0.09291230700624711,0.0383013070948123,0.04641255152265816,0.06460493946741538,0.07408244471699842,0.2060494336059601,0.13657985381726107,0.05298786831632307,-0.04653167127161562,0.13211263100031642,0.15193877428983651,0.25909655608256515,0.46707899097179595,0.3387537524878786,0.27006055085719927,0.5264814807070535,0.14620843034245043,0.305572256325424,0.2668135345632052,-0.18754681680800578,-0.1040740653901389,-0.06450691165222588,0.08610472365807949,0.26636092347213325,0.1988178010882099,0.03656652660867901,-0.07964643059284711,-0.05307027347657885,0.008686087576365591,-0.07792136173542719,0.05991896851699766,0.052428211463463506,0.2579706543892869,0.36284801721645193,0.29204561918301797,0.13679816381469423,0.13613060588882747,-0.1256480130447042,0.14387480143130316,0.14387445123249165,0.22670235491003976,0.11547887332691052,-0.11040414571532725,0.37114175583052145,0.15866672018432454,-0.07409056836663096,-0.2127780184330118,0.1915691826180034,0.0371481925278251,0.11574084172600167,-0.020094634841093383,0.08531875918629594,-0.09083752354173107,0.16574984209779106,0.008408787506233709,0.1950475068448993,0.0724336469458611,0.22032904816815058,0.1815057271873992,0.12516190204654276,0.1747043256358275,0.16591268974420767,-0.05782763156889045,0.21524480078674713,-0.0018328020452161218,0.019798886988693132,0.02172955189765171,0.061914472418688214,0.21896179565101687,0.1591137392261567,0.21585085110604163
Frontal_Inf_Tri_L,0.29260653090960853,0.08363095289788797,0.22753847757823853,0.12674767878813578,0.10367382195858338,0.37787949200389825,0.3438118658725035,0.29437853243375656,0.492382427143622,0.3851435795126549,0.6838010233358811,0.3671363381492788,0.0,0.45472120159835977,0.45598318129047494,0.24067777688799397,0.20428297963409264,0.23088444508510086,0.07733252668201147,-0.04779150979969267,0.13023102938528838,0.2792302920210133,0.052584984073048936,-0.10623127727128291,0.01837459280130869,-0.019839497656417585,-0.04788012731334098,0.12090055595897099,0.40073316793458824,0.1761511198558101,0.19255978301005078,0.2809871580589176,0.286036082697209,0.08283629455436257,0.19350074765215203,0.029737469127843478,0.04478268953129889,0.03226844208021199,-0.1135417294830946,0.20614078036929392,0.13599223513617006,0.09273904200137412,-0.04758224522638298,0.012569747888561232,-0.09811870549336887,-0.11387749435069307,-0.1401654452124995,-0.11841479722677183,-0.1929178284951262,-0.13366258824792557,-0.006509014231433882,-0.12302815858930906,-0.09943500779091093,-0.027587882981148566,-0.1283541629389873,-0.11129734469615929,0.09646558586564982,0.10428396904245262,0.18878584967443685,0.04113938575905197,0.518300160215675,0.2378649812685746,0.23330957715679496,0.06549336163464545,0.26448212116315006,0.20386097567460035,0.11374721920915626,0.03668090921885442,0.08938534555624555,0.0054390198812371195,0.08863513353232594,0.09970429648514685,0.0013522610928116028,-0.15807777674991627,0.028021660219571202,0.10240616014758706,0.20486332868077373,0.1381801503669189,0.0660095544809462,0.3099934786019868,-0.003034281079641558,0.08283581738303054,0.11025488306150975,0.2815907578159783,0.3515817493427739,0.0811988530623752,0.30670859522607347,0.08945314115101219,0.4539045564049774,0.12075613819331696,0.1424815438364376,0.19453026624817923,0.2825117417312451,0.2322047169082088,0.18267620081210795,0.14893876555295144,0.1590726593452246,-0.29420005353765794,-0.12224773665892415,0.061619098181270954,-0.10193501593633013,0.10605518468111806,-0.06699320558982608,0.06443500993852809,0.18538675130341561,0.1733874494340648,0.09493310251095866,-0.28231126653055966,0.15090667917513548,0.01768905864411067,-0.08603364686231944,-0.053358521088262646,0.2334523883924251,0.179991769423676,0.09826356182388848,0.1818651910931927
Frontal_Inf_Tri_R,0.07071168331059628,0.07442923357047637,-0.029200969393651608,-0.11718485897617094,0.10248667520182925,0.1016970004196296,-0.027429208400930723,-0.024908683782999846,0.058570626020371074,0.006658021428015055,0.34526705926071677,0.31482223158548356,0.45472120159835977,0.0,0.23663557536810842,0.39666065063463374,0.3012365905968058,0.3965944056030596,0.0901139264926186,0.11579188309699608,0.10071693861903502,0.14563390268204135,0.14593861254774537,0.17187260035506963,0.0816517641484917,-0.030529694680718738,0.05555282121236433,0.026113084555677027,0.21874036982308273,0.20604904537179827,0.15187535511080844,0.13233213151319792,0.10953554387610338,0.10473801255372467,-0.07765584534610352,-0.10436570333468585,-0.0886359079734814,-0.051989062033823474,-0.13579812038160352,0.013559136648800941,-0.003879825723787714,0.15022969275873815,-0.1698849174070639,-0.14340151522744507,-0.1584816191361044,-0.12027535032396366,-0.20709793157813783,-0.2266984026457824,-0.09004906719440499,-0.13515247174961226,-0.10605578472824942,-0.11511111468993357,-0.14797154999974368,-0.1782553828909359,-0.058990104054582486,-0.05313329060730281,0.21323906064751963,0.17428487071231946,0.13788888271303162,-0.07029360975233999,0.061662810692823,0.15772629760379767,0.2401163731397963,0.3985222762772417,0.08261180327670262,0.016749380840959033,0.04667987061782434,-0.008220614736416235,0.05092451031172475,0.029629039421642266,0.07449765734322188,0.18817274320501912,-0.02907694676139858,-0.0912954774587433,-0.0789579054426284,0.036893452477593305,-0.07502908827057764,0.07910745211124208,0.2028585345293825,0.32616655215588464,0.197302585116669,0.4944739395995484,0.07342494429642916,0.5010200756754922,0.2697151920130664,0.17488332472810728,0.22732571483693803,0.19206482932681937,0.08513271648130862,-0.029526608617255475,0.004980069225230169,0.03738003630348958,0.12723076166315797,0.177185615472972,0.05238300102536772,0.029427453352051457,-0.025658814476350943,-0.06154329145170742,-0.07949991672240517,0.010621488955396063,0.07981802193836848,0.12457562734571516,0.06911130427228394,0.1514322872483024,0.12089258657425395,0.12934165165066905,0.026281460313185564,-0.15650740561033089,0.11063489032633671,-0.011196417457222451,-0.021293401644121156,-0.0773967328127699,0.07700369202109299,0.10291847406210755,0.12050562464672973,0.15796350654194485
Frontal_Inf_Orb_L,0.1497467549413454,-0.029110353474102443,0.4752841764139147,0.0525404463878581,0.048525793658761314,0.4138019962742173,0.23557959219140298,-0.04817810221357318,0.4626717778587908,0.3003224005059151,0.41739652749925965,0.14512464663387512,0.45598318129047494,0.23663557536810842,0.0,0.468593761015153,0.04752579137050795,0.036301605633553155,-0.04130084574725422,-0.08459933572396627,0.5181628518174741,0.4195761122481828,0.36075220131895697,0.16572546431947832,0.26331216795381424,0.06834018089930434,-0.1600417501165942,-0.012269949216034607,0.27987185795585723,0.022035679898305863,0.244496078446752,0.0824471911964264,0.07727927342178738,-0.15759927951634295,0.2055558711840083,0.07092084804723811,0.25004325704242236,0.22630098277342126,0.06904784091953656,0.266142716934975,0.2735609942484309,0.2185295839554086,-0.07138820513604326,-0.007538413079996956,-0.24426251435028357,-0.25004616675725533,-0.13967902972397744,-0.1679662058967594,-0.3135006684995978,-0.2667772188770232,-0.1991910991007993,-0.24040487031893443,-0.14244147838867,-0.0446477705496629,-0.009394027789544368,-0.06601783257918518,-0.12963775488480397,-0.10375041926379124,-0.12117254324379781,-0.3058987807796478,0.22948265381192126,0.014517324647159529,0.07749163163333685,-0.08674831980732532,0.382213182602038,0.12734890335078325,-0.11009316757776247,-0.22553522863879588,-0.02864797834086839,-0.06978594431453423,0.24325571473499338,0.19476358851291117,0.09665829785168208,0.0009225900755752042,-0.07405322625649839,0.05056563385932021,-0.043316934940673665,-0.21609450980076145,0.13293601060033933,0.3160805735546228,0.18325395618181778,-0.002600400082564725,0.15737688674739672,0.1942351178776478,0.48235774133357046,0.07787262729069613,0.42445747932123845,-0.045677434667731005,0.3737145999549115,0.21862350707222433,0.004918774572953286,0.11658868759319752,0.09552286017325552,-0.056093550304604514,0.19548442866201582,0.10585361168235931,0.34889932022583237,-0.1314242143319095,-0.11748190504480824,-0.005026044853681173,-0.07895728200261948,-0.11939797210348245,-0.10131167275141087,0.0106051807092593,0.28137610092423543,0.2292957519051422,0.18518607836174694,-0.29722292539824546,0.04955880978530827,0.20601099054776817,-0.008978027346247586,-0.1637517431106091,0.011686386182609502,0.1569522694080773,0.31343450645733884,0.41620886146225705
Frontal_Inf_Orb_R,-0.06234157742622325,-0.04162027934066366,0.2563793646136757,0.02522203989633478,0.08624491773884732,0.2781572568481895,-0.12279513551297505,-0.15775976585796794,0.09760614097841452,0.2083964709816467,0.16010503767531478,0.15182459872686757,0.24067777688799397,0.39666065063463374,0.468593761015153,0.0,-0.11434829377861383,-0.04690697505682743,-0.3046838324523188,-0.2890680501915329,0.3249345143475109,0.31874569540876224,0.26098358566288055,0.2393512225593365,0.27615903686925064,0.2655198894882367,-0.1277278215271246,0.02039205629081292,-0.06887011476163875,-0.029641077035735878,-0.12261140847077252,0.08670800003418273,-0.14929856269433134,-0.2806155347039174,0.025829099889136998,0.044157219917050294,0.24299800407759498,0.21087067859519423,0.2055964660134936,0.17465059442150369,0.23694359594445843,0.3548494060697564,-0.28011032519027945,-0.3015263201633612,-0.3848442547777904,-0.38313578661227576,-0.21943029360952107,-0.3400608926887884,-0.3247908705025182,-0.28910656393068807,-0.24271119663789606,-0.33105035684613027,-0.14802460005856174,-0.2680262526674483,0.08000797963943311,0.05088730819777409,-0.12011755951261252,-0.12328837082206802,-0.17624388552231005,-0.25915373482450743,-0.023060248432697883,0.10415848489000842,-0.1750216268446412,-0.10816805809743227,0.35163151971540413,0.313538925385645,-0.2611145665573315,-0.3128097978320569,-0.17373168340544334,-0.13622050093200397,0.03636358203977854,0.106997639478404,-0.045994231782388456,-0.06744548846774666,-0.13816037309757434,-0.16044611949971901,-0.15616196636982502,-0.17950781951175568,0.10110029825892444,0.14696247367443935,0.1071414792080046,0.07838774146646604,0.23757801221305216,0.3742453760183543,0.372164499042363,0.03377629580220701,0.35952940575512427,0.23442759254121492,0.21667650721782972,0.20107223594480692,-0.03196694735412057,-0.015253624928888243,0.08672824933130846,0.09419597496510992,-0.1040709197510146,0.010333156045625432,0.05174180620589243,-0.05404427931376097,-0.23923344792621395,-0.24256636000090206,-0.1218189462505992,0.03432840384025326,-0.14259376381280964,-0.08655722221936642,0.08571314783418219,-0.025106277433257138,0.012558740113973796,-0.32764201309450713,-0.05659665474250474,0.07139256997960154,0.010034078561990293,-0.39167119572294834,-0.1825285048772961,-0.02553785855076057,0.009652023096145485,0.07737640038240005
