,Precentral_L,Precentral_R,Frontal_Sup_L,Frontal_Sup_R,Frontal_Sup_Orb_L,Frontal_Sup_Orb_R,Frontal_Mid_L,Frontal_Mid_R,Frontal_Mid_Orb_L,Frontal_Mid_Orb_R,Frontal_Inf_Oper_L,Frontal_Inf_Oper_R,Frontal_Inf_Tri_L,Frontal_Inf_Tri_R,Frontal_Inf_Orb_L,Frontal_Inf_Orb_R,Rolandic_Oper_L,Rolandic_Oper_R,Supp_Motor_Area_L,Supp_Motor_Area_R,Olfactory_L,Olfactory_R,Frontal_Sup_Medial_L,Frontal_Sup_Medial_R,Frontal_Med_Orb_L,Frontal_Med_Orb_R,Rectus_L,Rectus_R,Insula_L,Insula_R,Cingulum_Ant_L,Cingulum_Ant_R,Cingulum_Mid_L,Cingulum_Mid_R,Cingulum_Post_L,Cingulum_Post_R,Hippocampus_L,Hippocampus_R,ParaHippocampal_L,ParaHippocampal_R,Amygdala_L,Amygdala_R,Calcarine_L,Calcarine_R,Cuneus_L,Cuneus_R,Lingual_L,Lingual_R,Occipital_Sup_L,Occipital_Sup_R,Occipital_Mid_L,Occipital_Mid_R,Occipital_Inf_L,Occipital_Inf_R,Fusiform_L,Fusiform_R,Postcentral_L,Postcentral_R,Parietal_Sup_L,Parietal_Sup_R,Parietal_Inf_L,Parietal_Inf_R,SupraMarginal_L,SupraMarginal_R,Angular_L,Angular_R,Precuneus_L,Precuneus_R,Paracentral_Lobule_L,Paracentral_Lobule_R,Caudate_L,Caudate_R,Putamen_L,Putamen_R,Pallidum_L,Pallidum_R,Thalamus_L,Thalamus_R,Heschl_L,Heschl_R,Temporal_Sup_L,Temporal_Sup_R,Temporal_Pole_Sup_L,Temporal_Pole_Sup_R,Temporal_Mid_L,Temporal_Mid_R,Temporal_Pole_Mid_L,Temporal_Pole_Mid_R,Temporal_Inf_L,Temporal_Inf_R,Cerebelum_Crus1_L,Cerebelum_Crus1_R,Cerebelum_Crus2_L,Cerebelum_Crus2_R,Cerebelum_3_L,Cerebelum_3_R,Cerebelum_4_5_L,Cerebelum_4_5_R,Cerebelum_6_L,Cerebelum_6_R,Cerebelum_7b_L,Cerebelum_7b_R,Cerebelum_8_L,Cerebelum_8_R,Cerebelum_9_L,Cerebelum_9_R,Cerebelum_10_L,Cerebelum_10_R,Vermis_1_2,Vermis_3,Vermis_4_5,Vermis_6,Vermis_7,Vermis_8,Vermis_9,Vermis_10
Precentral_L,0.0,0.8415037759724183,0.7841894458032608,0.8449192871704719,0.5463706722638524,0.5395595195216514,0.7824630908533275,0.7891041481930229,0.5611949106038991,0.608117649267106,0.8001662372701457,0.7170848366233626,0.7956973627883263,0.7201802019944434,0.7269089510732099,0.7718786623011975,0.7438648837578318,0.7831309723298311,0.8021153118818322,0.8013650548240878,0.5722949735590285,0.5906240480440645,0.7737394319901262,0.8080864443204077,0.6036226719231726,0.5634165585753131,0.30629557225938775,0.3326884241130965,0.6888001341216519,0.7417227813730084,0.7511754818059101,0.7008858246387561,0.8266865812289689,0.7568343418595129,0.47403660166084516,0.5011028958475346,0.40625815972044776,0.4161881447313931,0.545302425362907,0.6147870600402976,0.5121653217940808,0.6009646006946734,0.406478753739169,0.5756754959037481,0.5464316093831239,0.6809406299711019,0.6277828849867707,0.6000410446123878,0.6318969331307553,0.6515184244204971,0.6727908567603419,0.6805790166769928,0.6368618761688888,0.5094109716723926,0.7016981405796933,0.6416967464816781,0.7982119677148103,0.7716569596775913,0.7712753039362619,0.6376742097135993,0.8121727775800603,0.640527377679136,0.7569551040749246,0.7505309944792021,0.7843158558106833,0.7095987245979752,0.6142437102966662,0.6728363668967677,0.6586509119010001,0.5855090045486575,0.6800657207720583,0.7051415538693568,0.6965854596395071,0.756817290904417,0.008479875869355554,0.3666834076629363,0.5480688088289641,0.6324505811778305,0.44492175411341284,0.7485823865760222,0.7301726564950209,0.7522532640368981,0.04258051434573609,0.5639982305476227,0.7857646229694013,0.788964197977388,0.5842788322678809,0.5360120371644755,0.6383374006245278,0.5067484448802552,0.18653596026823144,0.15408297518218442,0.39562185335445527,0.3546625961702441,-0.1466315327997431,0.12981879819670242,0.5432653837022614,0.5539888621748724,0.45564958823590374,0.577463290474148,0.3933950413566488,0.3196654335774985,0.5273962908420987,0.5174034748960815,0.3987014735210051,0.4867098822531274,0.23790303750538072,0.3514487201293757,0.4719530586370771,0.40164781394690163,0.21512719848258754,0.20760243682574575,0.41895566451629207,0.5513222856816962,0.4490784225347979,-0.1686910203794803
Precentral_R,0.8415037759724183,0.0,0.748684493249928,0.7397029829553735,0.5531817741944245,0.5409891896797744,0.6555173437766947,0.7063866840968992,0.5110946858029217,0.5405923907708169,0.7084059537654092,0.6065374709757411,0.6905833636409959,0.6346782653047653,0.6439451426985555,0.6733719063176026,0.729282898382044,0.7355581725845387,0.7780875222171499,0.8091659692417605,0.5778297659634976,0.6266009350241492,0.6562167740482091,0.7722939608148861,0.5892718009980806,0.5708309250318891,0.3904948027910236,0.3385239324617493,0.7279492508270474,0.7455749697151729,0.6643571572832043,0.6674879972721782,0.7075009481096286,0.7615796088236146,0.4952533428081668,0.40914709470075444,0.3798233810347741,0.4265932728101306,0.44696321055274485,0.587117982270201,0.5791525850587963,0.7164350418127238,0.19906450336881762,0.5242367387717611,0.3900019148509291,0.5960436369714478,0.6396445045183795,0.5313079462248432,0.6051705287571375,0.5806622969145454,0.5774553598095725,0.577722488806108,0.5131217234061038,0.4094161791157226,0.661398103517151,0.5841227995581258,0.8005012906198826,0.6899602001917201,0.5802511380384626,0.6073426395913428,0.7128736191571793,0.6158402636004097,0.7628952727557652,0.7718421934104209,0.6303184045615408,0.6501043042272061,0.4346917533929835,0.5836728721800626,0.4958623053699698,0.5236630821540134,0.6484025896624969,0.606871351226746,0.6861122244033373,0.7556151243207838,-0.037560730255931846,0.4127080781117735,0.4841743604950127,0.5969759406348782,0.476165164647567,0.7703219333624849,0.7751784777007013,0.7638696936500016,0.03447821046843277,0.5292519457333836,0.7326937061424368,0.7227227356076511,0.5750986891902878,0.5535302050587243,0.4491372084174114,0.3082178992882121,-0.07309856045202728,-0.08126531876671615,0.17442170036320767,0.17396041777858648,-0.08056631400648831,0.10040671980960247,0.4130129202029317,0.39532784536649673,0.2719986650542572,0.41270670307538515,0.25365307160653344,0.08341499504288657,0.3421007122602814,0.33119445424878735,0.32316443050409926,0.39691274103581403,0.12074734385308887,0.2741276733716535,0.47113298657707076,0.44345299613038236,0.10277503102969612,-0.040988976183054714,0.33668156590823023,0.3498136392282667,0.37182013210369197,-0.11351220129243113
Frontal_Sup_L,0.7841894458032608,0.748684493249928,0.0,0.8367929072670762,0.5236407457692777,0.5327966309470719,0.8688977814128707,0.7740546258904585,0.5538797894054663,0.5389281226500827,0.6165048615160188,0.5559008176992566,0.7068290926192342,0.5608085381686305,0.6301461494212548,0.6403501680445907,0.483192454424458,0.5411383945678631,0.8088277503958773,0.7486889674639106,0.47328783572758,0.5594738213868877,0.8182487110179828,0.7891134529572366,0.5451727457352215,0.5039590102682102,0.31632304659025523,0.35242013471742606,0.49912584296336115,0.5380515203696571,0.7099481914339547,0.6309472267052727,0.6880945030555045,0.5840161353244091,0.429386751964528,0.41893741240370136,0.33029215264901157,0.3343003865948938,0.4420676743984575,0.4367625486674797,0.38536721878213415,0.428122672712843,0.4033234953921994,0.45328015787499554,0.40811729897786514,0.45079879360098746,0.4405418660977756,0.39373034126192485,0.40473438622441243,0.4215757928010462,0.4700175685579198,0.4673075623342971,0.5199017564108674,0.4393198816678501,0.532683406169395,0.423763568610742,0.5823741382059053,0.6121015338241459,0.6776935815254264,0.5952168962825309,0.6734381545715529,0.6087127567189542,0.5115850373286974,0.5710059595293576,0.7305672469000654,0.6783689999962794,0.5401150518357876,0.5220222722585484,0.5688192021193971,0.49141499208815165,0.6026066418522348,0.6678770734711433,0.6260140539766439,0.5932324146794108,0.16044308967160137,0.39341685561554535,0.5544688006892,0.572439638432202,0.2424566852610007,0.5693748455716967,0.5256790535873637,0.5329958791698358,0.04541317215836001,0.4719333088517342,0.6135725012214038,0.6279145089830385,0.4790262283167398,0.45735325618847356,0.5537620453823713,0.3753846634039814,0.27105394309154524,0.2512356676158541,0.4121068168410705,0.32602996807213963,-0.04504954081482147,0.08813886668772061,0.47431818248403673,0.5245974656609038,0.40224707420027506,0.5531421703586067,0.38863932058422423,0.2872555917088218,0.4660580982406833,0.47238657038926407,0.2861613002092109,0.3701308174374108,0.20614814043357763,0.4530742530767315,0.36571344743213946,0.3711836634155699,0.27629017243314447,0.21791819022799164,0.40015127259602434,0.4366447375376307,0.36533131835743204,-0.14060064984682213
Frontal_Sup_R,0.8449192871704719,0.7397029829553735,0.8367929072670762,0.0,0.5468956655045867,0.6299952481982988,0.8268920333588387,0.9018833933037932,0.5971066831876978,0.6691362731308874,0.6166296668980591,0.6746462366393897,0.6643271591043606,0.64388280216497,0.6448452290183124,0.7477817804160273,0.5695877440120319,0.6427838728211103,0.8003486418753382,0.7870777097410786,0.522921806974926,0.5676681119775343,0.8069545530914086,0.8218807107361815,0.5671862024338586,0.5864934829425643,0.3169716757350713,0.3280199971625906,0.5350271873931258,0.6235206886421808,0.7663673166908831,0.6930354997410133,0.7635768235156954,0.6510417115764991,0.35324262613179874,0.49500973860314434,0.4634892928059523,0.504845073659119,0.5538940208328406,0.5521222701622037,0.43237235871914625,0.4029269490778016,0.5402737724922994,0.5546354172035168,0.573314653403394,0.6114599618272684,0.5008973789103626,0.5190313046703054,0.5118342860140882,0.5587440557366786,0.617882720854841,0.6222254488031647,0.6471739511643011,0.5611193137782524,0.6229784332765945,0.5424507699997165,0.6322857044832838,0.7229921742918277,0.7846046855274317,0.6587643717342997,0.7074138947768378,0.6982364492426808,0.5592629884525289,0.6558278192197609,0.7425719150902675,0.7614750603379883,0.6643487067616444,0.6754958010647559,0.6739527072851673,0.5570243130669618,0.5714675365670782,0.6756414337119186,0.6013286300034024,0.619336413989335,0.14130481773120926,0.38022853222304853,0.5283791245682399,0.5997732589662849,0.28124942693246235,0.5959436400069793,0.5541723348115043,0.6244778825916506,0.009889680813013318,0.49301870726599173,0.6664181675729725,0.7317220566827942,0.5092480636319595,0.4620536629313669,0.6482404829939766,0.575005867439687,0.43178492110958955,0.3403648439760623,0.5803221623876771,0.4188978322311932,-0.10269985975604935,0.08777172791521537,0.5356815985660743,0.5889688298510514,0.534742555175225,0.6403169476976864,0.4423452609628808,0.4369554649289333,0.5649067940791414,0.5852779338619385,0.4285823210531059,0.4549741316704151,0.21222135131347383,0.4009295931310131,0.3638515422639308,0.3190529474191856,0.2544753358319631,0.3544829201306404,0.4722580945492999,0.607718555492096,0.4761567222501438,-0.08543651961305404
Frontal_Sup_Orb_L,0.5463706722638524,0.5531817741944245,0.5236407457692777,0.5468956655045867,0.0,0.8285927892995888,0.5042413891257449,0.43913309808922024,0.8589350888381341,0.8034997801049149,0.5644093482210844,0.3433554551620327,0.47919735896057036,0.4201442618512338,0.6909732173843007,0.6168773831393286,0.5568574464223071,0.5760121582491821,0.5024971569982384,0.4005709391488506,0.4774804136174531,0.466089931493678,0.6202387828172761,0.6151109206837478,0.777022961016573,0.7989321692218413,0.5370650798978075,0.47813418378684036,0.6220743317677229,0.5273896298867663,0.5886840111412965,0.5060245904769876,0.5310775631866672,0.5133975757287599,0.39268921901700815,0.2966100491995842,0.3303815810083007,0.34722600359318256,0.436732663304229,0.6362257816887705,0.58108747957914,0.5069923882853323,0.2602101486793363,0.3879256581632917,0.44198328822449107,0.4662292839759058,0.44136620496374174,0.47496151998823577,0.4782915344335646,0.45210977801056534,0.42558013297908553,0.3930909075883787,0.5255371041408377,0.20184008256050112,0.6156187776493321,0.6276265714218617,0.5821500502491763,0.5488754769158054,0.5038006351842278,0.4558939305899759,0.505530885730353,0.30999751407988624,0.5740556767012773,0.4589563269807978,0.47749064067467567,0.4282650910798813,0.43847296037077677,0.47169658597867736,0.4300902491465604,0.4724374986620288,0.5208606724012977,0.4254195106868759,0.4511677993463394,0.44947706640950424,-0.1297683888796994,0.1112151656616238,0.27833828042592096,0.3157252066062294,0.48211528829954037,0.5960471519242423,0.598063509212075,0.5325900969021485,-0.10176949076710774,0.2905875710684346,0.604221199663294,0.5603506891581919,0.5773205026821437,0.295238560163879,0.5813757402062925,0.5322821978924179,0.20220251252034152,0.2681314049709259,0.29068763126041475,0.29375364200366444,-0.016348626775765915,0.05887926725034728,0.2867432275171357,0.29531536839322586,0.2404662171708882,0.3840997729060026,0.019291117333189188,0.24273200894545405,0.14311877504886691,0.20677304974390665,0.24910848341480502,0.3310229703384129,-0.16938246379767988,-0.013684327330420196,0.2976610101436642,0.28335006461239615,0.09162978228559929,0.17289351601916797,0.3047039538921451,0.332714674238619,0.31189741536445037,0.007953122245527104
Frontal_Sup_Orb_R,0.5395595195216514,0.5409891896797744,0.5327966309470719,0.6299952481982988,0.8285927892995888,0.0,0.508980836141493,0.5336162280255176,0.8109561621237019,0.8059482076295327,0.4569037411456597,0.3679040840385959,0.4163734410883852,0.3826784333922031,0.5910222460031458,0.5872395238912205,0.4975708740091037,0.5119575440758983,0.4675779422805879,0.3779495050706556,0.42473252635766406,0.4153992433814789,0.5687512290569445,0.614965187866135,0.7843301432506975,0.8425983175370965,0.4193997700992839,0.3693276986861635,0.5637853952128241,0.4915080157647994,0.6152504380065249,0.5221090925604894,0.5036699150256275,0.48012350401171855,0.25735517524214246,0.3198805556191585,0.43779725360872057,0.4431895081126521,0.4349467196958155,0.6007134212000421,0.5574214376150414,0.4387328664566228,0.39019210485667416,0.5007345173755688,0.5163501773318278,0.5257154782173457,0.47631996870529936,0.515227992734212,0.509197239663745,0.4767079111225408,0.5099098307511568,0.45874102115873505,0.5546724178517838,0.31842578973608515,0.5803783475706481,0.5724199791101753,0.572623899322054,0.5733960573916194,0.5518430025017971,0.5087605253079625,0.472317468545009,0.3830971826908479,0.48508450354037536,0.4465513595855003,0.44707334946639377,0.4821046795460156,0.5067186898103758,0.5349634278714303,0.43017355000498847,0.41112862832855657,0.45699193927969084,0.44818020714028356,0.45742983894717354,0.4365557314197802,-0.004067900443088453,0.20985323551178733,0.298610445243955,0.36810825423758964,0.3904629927296028,0.535501430729835,0.553074119565906,0.5271708970758519,0.03305804254584894,0.3770727796450406,0.5880179649059378,0.5861080153832308,0.5073003885024898,0.27337297109743536,0.5603269786403675,0.5013219501856726,0.2908203786656954,0.26288473049514854,0.3732802457708988,0.2708359674408249,-0.014815555015543928,0.1486133788027228,0.3628661167966113,0.3208575604717166,0.35458966499681993,0.44653180206145593,0.17874747771653066,0.2611286674766803,0.28248447515966824,0.326138932565092,0.310623167808342,0.31226133110608295,-0.049614802279503864,0.11721958758000736,0.2468686825699356,0.3061305584566058,0.1666711611107116,0.23443323395875487,0.3836922545435074,0.4011535664693242,0.3818891790611948,0.01797705037911469
Frontal_Mid_L,0.7824630908533275,0.6555173437766947,0.8688977814128707,0.8268920333588387,0.5042413891257449,0.508980836141493,0.0,0.8334831681021183,0.6066411054630861,0.5694938214593418,0.6617474554916569,0.6366316021831026,0.7488344843301802,0.6042120418509709,0.6523599434832967,0.6892379861029565,0.5057497362039726,0.5552832719335814,0.7442138952288186,0.6506634784671907,0.41039387232098745,0.47271117394501033,0.8163853985558716,0.7649083990386332,0.4998486029106476,0.4639451575003081,0.3244047634370396,0.4119280339858757,0.49611781945905814,0.5468313938408235,0.7545990184343129,0.6644869496332604,0.7439551055404412,0.6173242413335331,0.42927391111501445,0.4733983421232994,0.3504983342062156,0.3334800383468127,0.4936044604265862,0.4546254777887504,0.34373446873732144,0.3305769170877482,0.4639578641093575,0.500204376639984,0.47605765111574266,0.5012279335105523,0.4581486110726701,0.4166930158210176,0.4289155736479744,0.45512140045340693,0.5142114039541684,0.5130936911102204,0.5455069769363632,0.4851163280685027,0.5275268361805904,0.4695316542080984,0.5371019897397116,0.5941946248536151,0.6944827342911122,0.5312532284573295,0.7226875734580315,0.631582625846787,0.5262118114786816,0.6044135911721256,0.7750086857410012,0.7179509342404952,0.580411056065769,0.5494529223978084,0.5502075970408827,0.43015428553445845,0.630406138616009,0.730492096937072,0.6070408028114177,0.588388226545988,0.1870956165895049,0.4020493378852623,0.6332971394776923,0.6452660793258871,0.20281506601683344,0.5640518317068515,0.5003519072719,0.5445241115574564,0.012491019302498707,0.45756149755109304,0.595505615746935,0.6529749286443641,0.4512814835454527,0.43852739011549086,0.5611043099635601,0.46487723228970784,0.3883841698351367,0.39984694486914996,0.5867426011829372,0.5417375069817046,-0.020364701339716965,0.16236854890006544,0.531716155879089,0.5885978385270436,0.5154004958602206,0.6392300919657439,0.40609824172488185,0.48093169709336414,0.5075632489870089,0.5291612665711399,0.449696541372001,0.537471895809179,0.147264091535742,0.42300065935884795,0.3400019279929068,0.3663813490562705,0.32075106774670775,0.3608512601714301,0.49289743745280434,0.5756988771320979,0.510053711711475,-0.1534935841787402
Frontal_Mid_R,0.7891041481930229,0.7063866840968992,0.7740546258904585,0.9018833933037932,0.43913309808922024,0.5336162280255176,0.8334831681021183,0.0,0.5302962349590825,0.6170216456422196,0.5919374923195039,0.7582365288843802,0.671410674294287,0.6943150869951449,0.6035207533644721,0.75106850923942,0.5378619185851379,0.6016001310241312,0.7312188017467459,0.7274846235063492,0.46677936620263083,0.5189291594004403,0.7244349250210075,0.7899103909042899,0.45437829287076925,0.4916672119177947,0.2691230442870524,0.36248331295056807,0.5144589420013379,0.6260104487788242,0.7675970293650062,0.7346598149149265,0.7511082644437775,0.6707071099998372,0.3702484625364627,0.5037499718011792,0.43115762630676613,0.45562417805336336,0.5241799558531003,0.4837996274128061,0.31218319204656547,0.2977068384466945,0.5322709799697096,0.5776144776897082,0.5322556040839226,0.5839201020868425,0.48272919917553403,0.466241621419147,0.4795319442164975,0.5535647758300521,0.6052230289906816,0.626376010082284,0.6015086759833883,0.6079574070899484,0.5578322416565651,0.49313010621542225,0.5442242823623183,0.632110429858061,0.7087085092319028,0.6238415110340276,0.6938130257399451,0.773476110565107,0.5223746794408239,0.6927894745299653,0.7198030272077359,0.7882352028242422,0.6101497249052472,0.6490798677446581,0.5525040647122449,0.4523089630621047,0.5933727427522975,0.7336873588922272,0.6244171875051778,0.6512673194919474,0.2333649749467249,0.4828754204836246,0.6182701086977779,0.7052174625793223,0.1783121510688432,0.5510010321459102,0.4935160351920552,0.5898775966785226,-0.04389820136773493,0.4718230235872065,0.5936984464209174,0.6943165975908281,0.42966194892425497,0.44876614159739947,0.5651967870592444,0.5138692768161375,0.41585747399955253,0.30955042052678733,0.6049545530056109,0.4716961649485572,-0.07199653701415928,0.08894174255002256,0.5260013384662934,0.5687861759454385,0.5556892871013394,0.6365844303759861,0.47122280483957735,0.462372401938012,0.562579886311383,0.5672670756684736,0.48411008591988247,0.5042077259394707,0.24139884888191862,0.43258365758392553,0.30938922382903067,0.3295304536788358,0.26279267724097605,0.33155907996619766,0.5197956491603823,0.5938966992180137,0.5515175568498772,-0.07703770664854862
Frontal_Mid_Orb_L,0.5611949106038991,0.5110946858029217,0.5538797894054663,0.5971066831876978,0.8589350888381341,0.8109561621237019,0.6066411054630861,0.5302962349590825,0.0,0.8636091762606627,0.5463228814054317,0.3927027056134598,0.5396047132933288,0.4231841014897139,0.7310165319904374,0.6691067257384901,0.5127655509747661,0.5496219255710932,0.4600518841064113,0.3718796917477598,0.4102489592481815,0.388158975082088,0.6290355740747465,0.6223930734243711,0.7463957000550656,0.7740594389847555,0.5459716409356181,0.5020786048007599,0.5870870118974475,0.5164791267167091,0.6235432327954074,0.541367112268147,0.5773767454579761,0.5185611996018337,0.41279460994277095,0.36631745221791306,0.4270193186567742,0.3736287999673897,0.46897475770017294,0.5803975040862033,0.5686106551459061,0.38700276856507965,0.38310460356829884,0.46919123755884723,0.49837004209136593,0.5003865144219113,0.4538464358571977,0.5080181427076174,0.4646368198721764,0.47490700590166557,0.47072941925249046,0.46697785750571247,0.5878215430445789,0.33331640961004044,0.6021189339040335,0.5894515491900539,0.5439106114930804,0.5524928489592102,0.561000377753936,0.5078488877288309,0.5773748621321158,0.4046695348708983,0.5118152017204861,0.4496262928413199,0.5643041435403028,0.5327244345603035,0.4987944041868551,0.5076611405168203,0.45462087450129873,0.4623568338546968,0.46274966156537384,0.5064777194224159,0.4849923013787164,0.46001085331076313,-0.024867296145258847,0.205801258541991,0.4044420866769282,0.40453669606159937,0.44139141803118465,0.5561807613033801,0.5636449395897298,0.5353861853094054,-0.038904266568422816,0.3227941189743817,0.6165713990375415,0.5896131803286161,0.5301081389688773,0.30051712559552385,0.6037187574500362,0.5714895393043083,0.32919903671336825,0.39587870591853663,0.44314752645124117,0.4479627965366709,0.07779687245236896,0.13000866581175338,0.34029039848253856,0.35265958292218064,0.3587377452414416,0.47490164541529534,0.14841641943190625,0.3567848297828183,0.23442950756981412,0.27452448454479556,0.3326323561415841,0.42077909814415315,-0.12329712547780432,0.10405050876435822,0.1979067813244741,0.2704732080115397,0.10285305926932542,0.29968205516419366,0.3914620486769278,0.42691338704829246,0.4063831832872856,-0.018415525453158856
Frontal_Mid_Orb_R,0.608117649267106,0.5405923907708169,0.5389281226500827,0.6691362731308874,0.8034997801049149,0.8059482076295327,0.5694938214593418,0.6170216456422196,0.8636091762606627,0.0,0.5530736162444113,0.5398742465226704,0.5611318681552512,0.5299196513351659,0.7568104372817392,0.7814056095401626,0.5285058291949525,0.5786355695256424,0.4965714897902534,0.4408335625115103,0.46256427795598004,0.4398460263189031,0.6142509378588572,0.6315181147616098,0.7236264014102258,0.7656127860308927,0.4928606441499679,0.48843264430915284,0.5900565871195965,0.5746774715811481,0.6510469404805431,0.5787786032846587,0.5929675784155352,0.5289563071726066,0.35933330430982113,0.3449674319611264,0.42319844117501015,0.43188683389839283,0.5118455716318974,0.6292531766224577,0.5259236620255952,0.3779723243050967,0.4645063630327526,0.5212048855244703,0.5219536667964919,0.5416916940036719,0.45460152921057123,0.5217383553091837,0.49134846699380347,0.5496043574785174,0.5571163040910072,0.577907478734172,0.6477224047426465,0.4647760704961241,0.631524393567844,0.6137256581449704,0.5373688642218906,0.5780502577805684,0.6097614058771421,0.5712722249736756,0.5668746182639322,0.49603111330602706,0.5037173036519377,0.5163717363703619,0.592305914240344,0.5673886608087936,0.5452114377041345,0.5620133573937127,0.4876692936150457,0.48832869306770343,0.5218173814322423,0.5570634109142654,0.5474614439176174,0.530110962957329,0.061267446024650396,0.26708006318535776,0.40806989920629577,0.4607014430843504,0.41820957519490587,0.5506582565164064,0.553889111065056,0.552482836715275,-0.05622945813607696,0.416177168988208,0.6319107509261663,0.6580265060806236,0.5382726219330869,0.3746194150662145,0.6696579786713395,0.6553942192029627,0.39029468295975867,0.3806238113956839,0.5199916464739718,0.4209371814434947,0.015054289649058328,0.0763314179705094,0.34928665405112236,0.3996340692989156,0.4054331652072978,0.5178087197288097,0.21624090512065647,0.3788969752351192,0.286865992362947,0.33742452731338823,0.36557484489374126,0.41753692149464544,-0.020719421677212982,0.19907022426248983,0.17825947563755923,0.27348991271923584,0.1357181277131129,0.32265961537691606,0.4550473435498624,0.4742374959316316,0.45424348824241345,0.02688797007875004
Frontal_Inf_Oper_L,0.8001662372701457,0.7084059537654092,0.6165048615160188,0.6166296668980591,0.5644093482210844,0.4569037411456597,0.6617474554916569,0.5919374923195039,0.5463228814054317,0.5530736162444113,0.0,0.7434677084645087,0.8681614549382676,0.7655124872379283,0.7717216608784604,0.7443483101240644,0.8284277718970698,0.8187899981562872,0.6478383362183382,0.6559069509077232,0.4819193488438396,0.38906624919924193,0.7570951920900215,0.7519860844791801,0.5903665053924169,0.5339176783751161,0.3067853338947393,0.3779261953590079,0.8157456586243633,0.7959645121379876,0.7425133564062186,0.7296582548701929,0.7851055698841553,0.7496235843062661,0.5404666675786949,0.46052202925256247,0.3249103939802807,0.2983880644304518,0.4564276440180897,0.5334830782085926,0.4639803849668566,0.609718287151254,0.30170478475127005,0.5124344436683664,0.4441885791816987,0.5741302649318358,0.6095828578123268,0.5539015960924215,0.5591078731179893,0.5524795735584987,0.5793162310063357,0.5801584740410912,0.5526483882356382,0.30002913111774204,0.620365634803012,0.6390021309937541,0.7272035562164687,0.6431063142392716,0.5782913682106954,0.41029436666041,0.7549133320994371,0.539955356659631,0.8430502457906786,0.8109794228404018,0.732839999870217,0.5969516964458865,0.4532610965090728,0.5162787754782326,0.5144936010921437,0.4687044418551176,0.6733218857277875,0.6411700195599032,0.7009168598234037,0.8009461787254841,-0.039828156238520075,0.4063414526224097,0.5228672947857139,0.610228308719307,0.5216598732857162,0.7557440086244915,0.7850664376104028,0.7517220415298654,0.0031654876709346033,0.5078053690103143,0.7488218879616245,0.7161952253850448,0.5981560915374147,0.4816501474044341,0.6061788115840008,0.45410089347438987,0.10712921244169737,0.15874003618695562,0.2541267044975459,0.30789763617253446,-0.11399406647053523,0.16840762219693944,0.5126743855023769,0.49199895853980824,0.39370025966428285,0.49818777317133744,0.19180031749294832,0.2556621004157583,0.35231122905376866,0.3505051842438026,0.42210466185418527,0.5256453317960971,0.13219257398681883,0.14436509411156778,0.4448603782237226,0.48557970652248944,0.24372376036619448,0.15921822006821282,0.29207534446563077,0.4274498999367608,0.4469314259728092,-0.15031912648602905
Frontal_Inf_Oper_R,0.7170848366233626,0.6065374709757411,0.5559008176992566,0.6746462366393897,0.3433554551620327,0.3679040840385959,0.6366316021831026,0.7582365288843802,0.3927027056134598,0.5398742465226704,0.7434677084645087,0.0,0.7829158011073313,0.879653862452854,0.6270964759957486,0.773606032977058,0.6715859687659501,0.706236033667963,0.5714869022484084,0.6422310393260866,0.4735695733047381,0.38774747104211943,0.609877149047529,0.686135957320107,0.39616604426373153,0.39033267540159616,0.22690129936899261,0.33559325852056576,0.6546098014521772,0.7672936597930051,0.727098564811739,0.7388796490008724,0.6840925639731352,0.6626175889878794,0.33883647102087083,0.389772633522841,0.25264774549128505,0.3098040687310642,0.463342310812455,0.43979609010337206,0.1881238465807688,0.3674126947324395,0.4183034409323798,0.5338632032424585,0.41528721135513375,0.5324300848067114,0.47433836898864745,0.46630171767083617,0.47277003066571516,0.5357604184329475,0.593531961134308,0.6176286873600144,0.5635198381301039,0.500089786941539,0.4990402261327069,0.513167060812351,0.5177287331798159,0.5253611875763096,0.5348427066375062,0.4117278509066691,0.6074327702741278,0.6716134183537601,0.6034293800121173,0.7509057921839207,0.6263917124910428,0.6142123575847775,0.42011975545951336,0.49185160396975997,0.4041042885214299,0.3171158814217859,0.6282303977765364,0.706266203423322,0.6974553118257037,0.7960803045260427,0.1150094748963642,0.5197874889051468,0.5766090967049885,0.7113585152487446,0.32978934596735954,0.5938202302297356,0.552197459659918,0.6161414565061454,-0.10593710808447265,0.47556515242858893,0.5761337294765796,0.6647997839221436,0.4594492003250077,0.42848312194738514,0.5664285188937462,0.4839339500019018,0.22471361433657008,0.14716718291696715,0.3939985731001282,0.33299121956737976,-0.14183942761026483,0.12583455552841405,0.484419462646473,0.46378573046155597,0.4224861736845457,0.4985752939693481,0.40621918410656466,0.3503854283593315,0.45633616718287184,0.4647070253987277,0.43412065758059154,0.4637590119783635,0.2961441492903696,0.33238725026006116,0.3484006347681627,0.39957093125207305,0.19117450049395152,0.19067577679212314,0.34802667233488266,0.4591099119722921,0.5025974141400992,-0.07064917673607032
Frontal_Inf_Tri_L,0.7956973627883263,0.6905833636409959,0.7068290926192342,0.6643271591043606,0.47919735896057036,0.4163734410883852,0.7488344843301802,0.671410674294287,0.5396047132933288,0.5611318681552512,0.8681614549382676,0.7829158011073313,0.0,0.8050875790185087,0.8031833167397108,0.7931889141426188,0.7295142003460756,0.7402055334187105,0.6260290637958295,0.6517280900830075,0.47534087567928923,0.4358319594557737,0.7571180996204704,0.7563678841835496,0.5484519976714104,0.4846881102580448,0.3059879350329074,0.35165207997670406,0.753025895728852,0.7528299837083102,0.7399750323870641,0.7405710329832949,0.7496563799479018,0.6915335182030885,0.5487426728026136,0.4817605988326966,0.3272203494017326,0.34334405142699054,0.47694628784801896,0.5000072063973486,0.398131271678304,0.5365579426144337,0.36532072256434717,0.5264358842661406,0.41542757192717583,0.5296333975163146,0.5527111396583964,0.5047240493221409,0.4932121988789966,0.5242552585482033,0.5634724386254012,0.5759963811832938,0.563607299502832,0.44139097571664543,0.5653722367438875,0.5486520162437186,0.6558879966599019,0.6177318425241196,0.5878649879850256,0.4923689030197333,0.7740367277552727,0.6236873553981139,0.715985494695319,0.7313159369254961,0.7876388785030531,0.6694096793707377,0.46909352391661824,0.5181943499426265,0.4954715953989211,0.4376895609494112,0.6739449589679636,0.7238454286047369,0.7600500155797743,0.8107384480778141,0.07572277417527026,0.481550292464758,0.6382957380200311,0.6879060765702261,0.4582105099502978,0.7011296728698737,0.7046745051883303,0.7107243004908413,0.06352212473705755,0.5826513125718711,0.738800531185951,0.7164576452609992,0.5763007106625491,0.5603552015257625,0.6447054606122552,0.4243434005783707,0.15878643302052697,0.15622297548234396,0.3305686251733888,0.32078768536714974,-0.09607945606661793,0.1864627355261629,0.5231108214774451,0.521795689165212,0.40024134990445626,0.5276631506723827,0.3275485655129451,0.281381407007958,0.39716382803644273,0.4026940414798006,0.3951297802703984,0.4776376730495982,0.20359093234979458,0.3479851498161381,0.41003701910948237,0.467552169513094,0.23708031303958135,0.16743184107368458,0.3301023162763518,0.42432323508839787,0.48670273050652246,-0.16295231129607246
Frontal_Inf_Tri_R,0.7201802019944434,0.6346782653047653,0.5608085381686305,0.64388280216497,0.4201442618512338,0.3826784333922031,0.6042120418509709,0.6943150869951449,0.4231841014897139,0.5299196513351659,0.7655124872379283,0.879653862452854,0.8050875790185087,0.0,0.6744279299483472,0.7697485009855942,0.7355029322388034,0.7801159192637237,0.5768488016115414,0.6466859670693305,0.5207899476211751,0.3919586663857006,0.6523418428968321,0.7321498877300592,0.4816371426728159,0.4741022312620405,0.26403909007734483,0.2986523436615265,0.685404132690682,0.7814034517155634,0.7238258597037621,0.7244431295683157,0.6754611448936285,0.6468949882907166,0.4233227786556032,0.43242143627930646,0.24619881218412384,0.36584073662796407,0.4184571666690671,0.466474585847222,0.20989977399947377,0.4374030852433111,0.3895297192468145,0.5021874924867089,0.44895038864884357,0.562560515554768,0.5280770792168162,0.5391464019191767,0.5219843425404925,0.571239928458118,0.5885384787356617,0.6035798517448127,0.585395530956027,0.4751513515182881,0.5564231180312477,0.5677305029481702,0.6151602763165508,0.6003934008902431,0.5440521812604034,0.45252742605660373,0.622892474846488,0.5790067955167209,0.6768866202351089,0.7107630047352057,0.639187987700134,0.6085507845234981,0.4559149834411145,0.5301385881014953,0.4861566018032436,0.417765290402437,0.661485792454806,0.6987426126750301,0.6831695655275082,0.8033351393177531,0.006145613473002341,0.4273766602892425,0.5095366616045663,0.6403837730007788,0.4373690564091146,0.6647703009428755,0.6237213644530883,0.6859808180193301,-0.08017882597839479,0.46238236583777004,0.6338389923198638,0.6900354141111243,0.5079523468660728,0.4834427531125002,0.569336302906376,0.46880246207475357,0.1667335189513455,0.1269682162659115,0.3296482796874163,0.28292874264678386,-0.1554025563140999,0.0857368319469946,0.4763791989141052,0.4837578461012068,0.3496637051522004,0.46645876287107685,0.3625707531123703,0.29974531579900543,0.41098213640954623,0.4294774547064798,0.35864928319093164,0.39552571736808023,0.2613151241713829,0.31085992363756726,0.37500039700202614,0.3885586404196446,0.12376110307759106,0.1464717952087226,0.29922980281537265,0.4087232103675284,0.4328768516437318,-0.15937209775317351
Frontal_Inf_Orb_L,0.7269089510732099,0.6439451426985555,0.6301461494212548,0.6448452290183124,0.6909732173843007,0.5910222460031458,0.6523599434832967,0.6035207533644721,0.7310165319904374,0.7568104372817392,0.7717216608784604,0.6270964759957486,0.8031833167397108,0.6744279299483472,0.0,0.8738940778989791,0.7301443745913846,0.7658923034909562,0.5987561289305715,0.6150218956753036,0.5946103160425898,0.544804509415639,0.773358011034041,0.7585389615802745,0.750383623025207,0.6958885359768212,0.4190255943940512,0.42030205831854145,0.7722665325072285,0.7638828174451844,0.7539936034668451,0.7326872061180717,0.77140855513061,0.6821213379541781,0.5966638813842517,0.4868512645994552,0.5040979138377357,0.46644982127946155,0.5888534612802011,0.647010064982367,0.5558734343127572,0.5105354158422865,0.44946073530238295,0.5675918984308135,0.526371989076961,0.5854388198860901,0.5944688572865706,0.614557053182157,0.534157837268769,0.5803769326754181,0.5804444299421317,0.6022350350770254,0.6875524402711861,0.5173497065505274,0.6997258583244291,0.6585072628941733,0.688101278218039,0.6841274673024702,0.6144674541538094,0.5321122257456802,0.7324290312027186,0.5058002313609968,0.705785095686179,0.6568602160604626,0.7420788809997801,0.6004478285449271,0.5513155770974009,0.5789059613504612,0.5931645355142728,0.5560524561192375,0.6324611713137612,0.6627213056019947,0.7054518190860344,0.713212110270465,0.047632812611942604,0.3318292476485114,0.5225729079298057,0.5505867237152116,0.5642424656002779,0.7410284526632168,0.7403281814818453,0.7353591856053484,0.17274003291187634,0.6012936966120966,0.7868400654931627,0.7418418537511768,0.6129909103438085,0.5790252514508132,0.6968323212598524,0.5694409345447059,0.2607986320029877,0.28522198779107744,0.412446944048701,0.40980869451465984,0.06167671834324519,0.17601554532031777,0.5014059255453978,0.5364486429911548,0.4146135907896617,0.5841032202290217,0.2903044637204687,0.36427839338870144,0.403606801188363,0.4437723317006916,0.3856780253642901,0.4765236570881957,0.07192519291990097,0.32709310094255356,0.3074168884089721,0.3984717435000358,0.1796792526384242,0.25860482434669696,0.37126477258875107,0.4995064041015828,0.5001343205131088,-0.08596543313271247
Frontal_Inf_Orb_R,0.7718786623011975,0.6733719063176026,0.6403501680445907,0.7477817804160273,0.6168773831393286,0.5872395238912205,0.6892379861029565,0.75106850923942,0.6691067257384901,0.7814056095401626,0.7443483101240644,0.773606032977058,0.7931889141426188,0.7697485009855942,0.8738940778989791,0.0,0.7208667550234338,0.7771234667863864,0.6397762397533859,0.6775721616973199,0.6124486115895081,0.5603825593670037,0.745777898872221,0.7740052118177934,0.6591874493349406,0.6278886228706568,0.4325736485094232,0.4359971472103187,0.7267006215375645,0.7957779590045049,0.7695836036059295,0.738522222828883,0.7830694311680552,0.7097301408159661,0.5192203798400208,0.5080437255693669,0.5035904969021597,0.526104986633096,0.6523079502150273,0.6912570840255077,0.5210642984615069,0.5028210198109745,0.5164096646769836,0.615131611214949,0.5552982669335798,0.6353453481492517,0.6122869346861478,0.6240015973868385,0.570353878089832,0.6392071861338884,0.6592372604856037,0.6850419488333488,0.7316098668051105,0.6183577814908586,0.7397267159743917,0.6934770219211751,0.6763618103284831,0.7086695019146884,0.6802818923768956,0.5935412493734084,0.7471718545559771,0.6610737647150023,0.6912695868693769,0.7321956553493787,0.747434658866329,0.6987670279233007,0.5888533714178376,0.6366008869568325,0.5963354768101057,0.5527627765947143,0.6006660313698996,0.6781010821421926,0.6870546769117514,0.726202145674857,0.05504947137526542,0.3995126585848403,0.5300963378706054,0.6188351469981492,0.47991263342159873,0.7160741616024708,0.7103918478600812,0.7578091139461053,0.13342686380884025,0.682500717535459,0.7776896085312106,0.8109086260496229,0.6102766129048618,0.6502765566873532,0.7045158952317877,0.6428505346548781,0.3271041451799743,0.29088953618055574,0.5121445666330131,0.43300898689476564,0.029569006454282277,0.1619959105542179,0.524393040815994,0.5630122123558962,0.45898140541814814,0.614917242932936,0.33930168650748244,0.4265615782258623,0.42701733098617345,0.4773590024974062,0.4330834219619307,0.496835695671475,0.10575601980655559,0.4139056039949281,0.30007481528036123,0.4002083528609313,0.1895412333195128,0.2761317505980571,0.4270475152865461,0.5504129647197493,0.5494190187821548,-0.11416495330922292
Rolandic_Oper_L,0.7438648837578318,0.729282898382044,0.483192454424458,0.5695877440120319,0.5568574464223071,0.4975708740091037,0.5057497362039726,0.5378619185851379,0.5127655509747661,0.5285058291949525,0.8284277718970698,0.6715859687659501,0.7295142003460756,0.7355029322388034,0.7301443745913846,0.7208667550234338,0.0,0.9151807063852127,0.5252358192949158,0.6360711554600913,0.5489641954946025,0.4080117837452552,0.6336990411745651,0.7017252588039468,0.6303868285055543,0.6138162761539229,0.35718536084973934,0.33482045386619164,0.8764978052427039,0.879632199284166,0.7182683869389244,0.726489671684635,0.7476260620024678,0.758550130843298,0.49652277771874115,0.48229262230087916,0.4276843443169202,0.486814381020236,0.4800885639409818,0.6280525087281852,0.522879433999684,0.6499559137769031,0.3060528992029857,0.5936202829183193,0.5300219927974951,0.6845563624772377,0.6975661655689352,0.6842083102867834,0.6641611209136372,0.630927516886494,0.6230179919330565,0.6056321947509412,0.5840967891291188,0.365342313474825,0.6845853679699825,0.7398802722478207,0.820628323286241,0.7213142717796835,0.5337711769166256,0.4140011220252076,0.7147499143587001,0.5016449366549203,0.8798174343701364,0.7923246958762576,0.620242627651664,0.5626716931105782,0.4564154047957983,0.5834494871375634,0.5163246866972027,0.49574607214841176,0.5721884868659685,0.5348992804268603,0.6847142550082759,0.8058904312495045,-0.08942787180741471,0.38422386499026295,0.4484533220402024,0.5672154524177898,0.6713410462275698,0.8695345320709549,0.8746506795485381,0.8658543229503608,0.12162019016936101,0.5380743589749383,0.7736713880543221,0.7507800491760379,0.6347350336062337,0.5678337009354636,0.5431650441262879,0.4617983865951922,0.0040273017869956315,0.054314663883664696,0.17230566415882648,0.21399194390549175,-0.09060324621040794,0.21129983809908726,0.4933437513882176,0.44138293600655404,0.3145474651840563,0.4555011774233583,0.161746094185721,0.17500367742762404,0.3044932779706443,0.3283572609713064,0.3771009249107643,0.4670418399258449,0.053803482282655565,0.14013950923191346,0.46511588961524275,0.4954499549967949,0.10379808870548402,0.07849957404630409,0.22623150762882982,0.40566451411210336,0.43480760491058995,-0.12401968757911035
