,Precentral_L,Precentral_R,Frontal_Sup_L,Frontal_Sup_R,Frontal_Sup_Orb_L,Frontal_Sup_Orb_R,Frontal_Mid_L,Frontal_Mid_R,Frontal_Mid_Orb_L,Frontal_Mid_Orb_R,Frontal_Inf_Oper_L,Frontal_Inf_Oper_R,Frontal_Inf_Tri_L,Frontal_Inf_Tri_R,Frontal_Inf_Orb_L,Frontal_Inf_Orb_R,Rolandic_Oper_L,Rolandic_Oper_R,Supp_Motor_Area_L,Supp_Motor_Area_R,Olfactory_L,Olfactory_R,Frontal_Sup_Medial_L,Frontal_Sup_Medial_R,Frontal_Med_Orb_L,Frontal_Med_Orb_R,Rectus_L,Rectus_R,Insula_L,Insula_R,Cingulum_Ant_L,Cingulum_Ant_R,Cingulum_Mid_L,Cingulum_Mid_R,Cingulum_Post_L,Cingulum_Post_R,Hippocampus_L,Hippocampus_R,ParaHippocampal_L,ParaHippocampal_R,Amygdala_L,Amygdala_R,Calcarine_L,Calcarine_R,Cuneus_L,Cuneus_R,Lingual_L,Lingual_R,Occipital_Sup_L,Occipital_Sup_R,Occipital_Mid_L,Occipital_Mid_R,Occipital_Inf_L,Occipital_Inf_R,Fusiform_L,Fusiform_R,Postcentral_L,Postcentral_R,Parietal_Sup_L,Parietal_Sup_R,Parietal_Inf_L,Parietal_Inf_R,SupraMarginal_L,SupraMarginal_R,Angular_L,Angular_R,Precuneus_L,Precuneus_R,Paracentral_Lobule_L,Paracentral_Lobule_R,Caudate_L,Caudate_R,Putamen_L,Putamen_R,Pallidum_L,Pallidum_R,Thalamus_L,Thalamus_R,Heschl_L,Heschl_R,Temporal_Sup_L,Temporal_Sup_R,Temporal_Pole_Sup_L,Temporal_Pole_Sup_R,Temporal_Mid_L,Temporal_Mid_R,Temporal_Pole_Mid_L,Temporal_Pole_Mid_R,Temporal_Inf_L,Temporal_Inf_R,Cerebelum_Crus1_L,Cerebelum_Crus1_R,Cerebelum_Crus2_L,Cerebelum_Crus2_R,Cerebelum_3_L,Cerebelum_3_R,Cerebelum_4_5_L,Cerebelum_4_5_R,Cerebelum_6_L,Cerebelum_6_R,Cerebelum_7b_L,Cerebelum_7b_R,Cerebelum_8_L,Cerebelum_8_R,Cerebelum_9_L,Cerebelum_9_R,Cerebelum_10_L,Cerebelum_10_R,Vermis_1_2,Vermis_3,Vermis_4_5,Vermis_6,Vermis_7,Vermis_8,Vermis_9,Vermis_10
Precentral_L,0.0,0.580315204008607,0.49837217460091005,0.5223433289915772,0.10919701712276707,0.0752291611894322,0.4998157381142242,0.44120836984857686,0.31455639922949874,0.17443453854124882,0.004012714437941657,0.02594397628106516,0.23041254190745988,0.03817770313205197,0.1429193841374642,-0.0006857671549266933,0.2060900662536702,0.2875721634915596,0.7392595891573936,0.6966266116829956,-0.1128247144763255,0.07395296510247196,0.27187253739802403,0.1984997991429622,-0.08107845646068097,-0.02049413537407244,-0.033891006950051025,0.08175839528888261,-0.0020289940725555272,-0.08069312711592538,-0.11546755642326428,0.04417957572186887,0.529803477628097,0.5120281980140202,0.1416941105647547,-0.018434301412497706,0.005044464708425805,-0.02014831654181566,-0.12626393246068832,-0.05928854273329804,-0.09750439804098558,-0.26764275082288536,0.057558324104434004,0.0408811828966122,0.05308796570796231,0.07028520516719639,-0.010733708123068108,-0.027379461168908124,-0.16482137940089775,-0.1808260548213491,-0.08566807114022615,-0.2247715714165696,-0.1704336465245461,-0.20785018368216615,-0.054884857199461366,-0.00252219488345543,0.6492551109349594,0.44850057195131793,0.3897685308182225,0.09988866740607101,0.5439853437291973,0.2970150167552778,0.45286416040369304,0.33088212024723557,0.3902746624821234,0.07898403646629898,0.3554445314332703,0.3295981854667874,0.4036390965576077,0.3797673430584027,0.030646606348943436,0.06310565859795482,0.08882168361138762,-0.06240028495393905,-0.01368098965011625,-0.12214123441660911,0.047777348611352015,-0.01455909309872686,-0.08113809535014188,0.08975577193068272,0.013826399103728808,0.023077150139030517,-0.16724228707917588,-0.04832302001350724,0.11022547098322158,-0.09908237652448629,-0.08798353860340018,-0.046093969448780546,0.06898820898992776,0.16500500652836264,0.06189542268034439,0.22346180572990698,0.09965148463021063,0.1800086055316929,-0.016466681938117244,-0.04023854163433437,-0.044437111582959335,-0.022224353940327037,-0.021766339278186265,0.0810920078003831,0.02445451402546499,0.08531558865490528,0.023897025734284573,0.05967793189350114,0.14784389139836787,0.1794906018716443,-0.02480912122747263,-0.1781294530092022,-0.048701328903972586,-0.11362548276602427,-0.13313366539141225,-0.11247316305437238,-0.16847494488262918,0.11429215605892228,0.01187897892124633,0.0665064110504583
Precentral_R,0.580315204008607,0.0,0.408922370246194,0.3925780262183613,0.12496939971051507,0.10299811039800028,0.1855456381002817,0.2535634444300693,0.21066684855460213,0.20807647551265782,-0.004613865737581379,-0.040222130147868254,0.006756734363503125,-0.07509598595212962,0.1431958920695545,0.11974988139862748,0.17516646618587267,0.36267226739338115,0.6336542845386982,0.601980796685585,0.104188383226928,0.1702453184809186,0.10927887509011341,0.17072447604975935,0.061611970601513744,0.13801130237135734,0.01913210633204641,0.07141543842833649,-0.05898535542788467,0.054008797316122674,-0.18829833908438146,0.042004039923843564,0.2919354551823784,0.29774392202463973,-0.014512819833066116,-0.04066986250202245,0.09721402977225058,0.08240175712676723,-0.04757436585502032,0.09168032578692527,0.035821659780275336,-0.26760372681351663,0.1100453184179106,0.1536893591991793,0.011677678142850504,0.057820949431081015,0.0765370195140625,0.10420635575358883,-0.16574173462596306,-0.16206600884826658,-0.12151452352534368,-0.18287016840422893,0.03191537665460186,0.03301512096508973,0.021803563819307006,0.12943550834878217,0.4695812246816011,0.6420881940758542,0.19043123034744075,0.06656068657037575,0.12749455208281157,0.059053454152402755,0.27581319325353254,0.3253009570556732,0.08452171958045523,-0.22238713789101533,0.07497320187068013,0.11183911316856433,0.4227932372061317,0.41299449535053206,0.13266104754602748,0.1170056421527489,0.02162465805753784,-0.10377466707530024,-0.17561759383526243,-0.04068343224650813,0.09428998575802817,0.11561158457287726,0.08730757361387542,0.21761269010209033,0.23664331646785974,0.26411993331430017,0.01416645364608609,0.16067464883783356,0.06994947185831717,0.0829780732960362,0.01544476277991821,0.16390160942889487,0.04363534152251912,0.19651457041675977,0.1823165666114364,0.18654833316146008,0.1746323213882094,0.20005785599206977,0.15890162974840485,0.058769491805073605,0.11721516993542778,0.19000309208801153,0.14990230405718927,0.14480446204899197,0.06863754184226875,0.09725777650852209,0.08321913468810918,0.10127752724906121,0.08071578564731878,0.14258735850584187,-0.13633036470500373,0.07963347674291268,-0.13544800973080576,0.09412115681196864,0.06768301371000185,0.07840748577803845,-0.07576959179268986,0.19842844139070634,0.10775286312037562,0.06925456675556127
Frontal_Sup_L,0.49837217460091005,0.408922370246194,0.0,0.5941769977616367,0.18815446887179993,0.1208434683988549,0.5087179241364128,0.30416792689778493,0.3657663880857947,0.2354846640121968,0.013056537213124839,-0.08508667610465892,0.36398727825025845,0.10911395193838053,0.23320686630249435,0.2019164055992346,-0.09323625791042489,0.07289075997553315,0.5353131340273526,0.4350668935860997,0.051063534440101865,0.1582281152212599,0.6260491629923989,0.6467357895369451,0.22751366036722437,0.31393203674057074,-0.05804858902491929,-0.04218127184827125,-0.058117397799617894,-0.1723900972141547,0.21374221696161136,0.20775650300807477,0.28194484435990474,0.24530740051575484,0.19526862118630242,0.005951587132709226,0.18087988067006106,0.2549549275650523,-0.1866651562728352,0.1533656135777375,0.06411929512950902,0.012071309859657962,0.00940531103724201,-0.07313500376969335,-0.002542215629487216,0.009995310000349854,-0.12941131143085277,-0.0955231960887387,-0.1034187472818582,-0.14249738468348017,-0.028665988578848393,-0.10725517270268818,-0.020732937838568652,0.11672217225179947,0.11465883658141521,0.14799560691546185,0.2930532573017813,0.31784529186475424,0.14813297593494887,0.06614543996296192,0.1539407115477595,0.01763428115831498,0.12954401952292607,-0.03692194643826821,0.22503345094675253,0.018819755053725018,0.20487795463359215,0.03812164900493486,0.42078326200232036,0.2966818715709731,0.28509350555844404,0.3544484177917921,0.12725825840104735,-0.03669372260777522,-0.004079362610802955,0.019370595875490254,0.2601239155729096,0.20300448425274017,0.18089867307679536,0.3336025917021464,0.24204275351943397,0.22034267346997008,-0.02487992343878373,0.11770494625736132,0.2995147319703554,0.20594917303717108,0.15660259311945748,0.20076061564740932,0.08823168377879397,0.19068831812129264,0.06450912526104431,0.16936092642827882,-0.01206469632395803,0.09210609793917637,0.10690654302263831,-0.03178549286786561,-0.09317857823297135,-0.043628290388104986,-0.048538823050178245,0.09620466794878622,-0.10328365363269115,0.02252958035870902,-0.05485165416485819,-0.009963930818778157,-0.07889673970430766,-0.012761929620186567,0.03127179810690268,0.07040933045459118,0.15462409224954926,-0.03569435434118364,-0.09651885880376232,-0.21335929319332378,-0.21071511613280564,0.04831348660828673,0.05780890620670044,0.1492079074951441
Frontal_Sup_R,0.5223433289915772,0.3925780262183613,0.5941769977616367,0.0,0.11289623840481199,0.0955886246427741,0.4891547159090939,0.702857993795493,0.20208370029395162,0.20497884361122903,-0.0019107150908683997,0.35272587036801584,0.2764800874601773,0.3952499800805608,0.019114168678308875,0.11505268740008269,-0.01655628716578959,0.0029798698575720303,0.5674040688977469,0.5675187456516955,-0.13088524050992792,0.06636389220579735,0.6312880553872454,0.5805164650330932,0.08906111217451591,0.04640909190773781,-0.02599937664997069,0.2406317990548061,-0.07486973144915747,-0.1070142919937213,0.21009181613900538,0.0967944362770328,0.25500192099767577,0.3374014351182507,-0.10858414827098085,-0.18525661593896747,-0.07058800587079818,0.09298115216372241,-0.20190100654641388,0.11046391118157502,0.04920897865280732,0.05097385726447,-0.1203432238031439,-0.2168615922219674,-0.07401126214033363,-0.002821150293263496,-0.1820698016811385,-0.205166326603883,-0.10531499124329903,-0.012769952379655005,0.12690841082412205,0.14583019039358025,0.0635728678796678,0.07480469096930803,-0.027877541259447317,0.10518077659187923,0.2739664503541615,0.24269488329545352,0.169871248585793,0.29181373999722415,0.3307277742370876,0.4378863439893024,0.24439300496687522,0.3927635625670196,0.1639311143566704,0.19884437639700575,0.05914674855436991,0.10752385221296418,0.3567019234898257,0.3054408310915165,0.021655053291887785,0.10898994712890989,0.010456898511378288,0.029419014434270023,0.036184084856133246,0.003321991473923313,-0.07857708312868009,0.005678412720527652,-0.03947433601809594,0.0023121116739999903,0.01730268225233721,0.17898189229716396,-0.11288278897022769,0.07622939217622118,0.17646768872718088,0.21380391441741783,-0.03341456109930514,0.10403481018194423,0.16326727311035136,0.24704208670058758,-0.04461651640599188,0.09582149526630848,0.03556183614497568,0.08839884907519958,-0.15799284896713262,-0.05360458116496274,-0.2933440205182918,-0.23466917458292777,-0.19728953397825427,-0.16632193115218322,0.0346111046645078,0.0969479245501015,0.08966447278824048,0.06129661262768679,0.050605975909091765,0.0818579526571429,0.07464948639531867,-0.17207073213796867,0.04292510911769176,-0.257391486089837,-0.2529287681849789,-0.23114357873787827,-0.17836248767521284,0.029482084672310123,-0.045696891392044386,0.04191699611548707
Frontal_Sup_Orb_L,0.10919701712276707,0.12496939971051507,0.18815446887179993,0.11289623840481199,0.0,0.44637124168442716,-0.02157535084955144,0.06646069663208552,0.4094806046713952,0.4835389756358373,0.062298259911818164,-0.026927314034597905,0.014962658918746848,0.059027481658222004,0.3904748909351883,0.366693978770756,-0.16749144133650834,-0.022200446569666684,0.10090975829454694,0.10512965165764737,0.09286289817379105,0.30982749331582915,0.09897271443466943,0.1722915934680862,0.21700600161651581,0.12054765940487512,0.09444227000917353,0.013113939820356742,0.021810592183825646,-0.03616098659561246,0.022941134949793596,0.2055934985379391,-0.056001355617342645,-0.021796309770404896,-0.07321361963173294,-0.08871100718474961,0.17595490970472824,0.1392071652870577,-0.1517798856924909,0.22720522326323,0.19992653670055124,0.020343795234501298,-0.05082311465233796,-0.07611973815342439,-0.0790433949304279,-0.026288695609530798,-0.11988560702751894,-0.04398435201016805,0.01506718955697733,-0.0027798790281011567,-0.11458361566259931,-0.08940997600949194,0.0825411401824976,0.11974955573816348,0.17458255005399928,0.25242844075590753,0.047097609141832746,0.0717515183013167,0.11138005484916393,0.0763603365227321,0.010474172173984494,0.07122587359278224,0.0023136006637531326,-0.028473646320807573,-0.020960260661029784,-0.006886695387298939,-0.029033289091001075,-0.015284635179908744,0.1206294923349805,0.029623769689145388,0.19196941144613172,0.3004947698496791,0.23251673660976602,-0.011374907152417815,0.034191647189705035,0.0959398538178703,0.14246088122032619,0.14228190199929094,0.08259146882042102,0.08603750068961634,0.15895392824628943,-0.005468687615093528,0.17880201855692948,0.2964341178490348,0.1693398579532361,0.18747390601355424,0.09086990090620285,0.22289758894867134,0.22286260903883312,0.2002182398697999,0.14018629443165453,0.18444407319159953,0.011485205507627556,0.0925414749158457,0.06161155740349593,0.14538775666100384,0.05904887119753597,0.13906140054438393,0.11269517920059148,0.0716259846015606,-0.06647532733668418,-0.09569486757067792,-0.11758661160519389,-0.0902032840708826,0.025628914828205413,0.06481374031173666,0.04161480023292299,-0.0038111960745169627,-0.006491126815933661,-0.010171740713747084,-0.021924237445611065,0.06607827869757338,0.004465480572181266,-0.07110328544938416,-0.01571332816180536,-0.053359057448288415
Frontal_Sup_Orb_R,0.0752291611894322,0.10299811039800028,0.1208434683988549,0.0955886246427741,0.44637124168442716,0.0,-0.022865004904797058,0.1273264990265497,0.5862491745337725,0.7385268508403664,0.03737401507837436,0.0064430702981740084,0.08958073034692571,0.1326620629690384,0.6395330289450266,0.6206406126746725,-0.1629328995303577,-0.018493708540433005,0.11131818420379178,0.1240500547525654,0.25710072733512096,0.5529269900277604,0.06223228916221768,0.29572819544276685,0.33913601266220156,0.27061743020002305,0.2894876340622655,0.14376970918549656,-0.023241940272119444,-0.021561942873485222,0.015994527831522064,0.08098738979250614,0.02651380487447563,-0.009053669000937301,-0.003330379579306252,-0.010983354631502833,0.3157180632846378,0.3163533404733921,-0.3379419991188181,0.45965083744814583,0.4034369403378242,0.004362279554198441,-0.0841316141971301,-0.03981807700349535,-0.21823318010388787,-0.15479554164603845,-0.0763784146690409,-0.02278119249460635,-0.2793771006158313,-0.24248282932094592,-0.15861954954627402,-0.20503101168714402,0.08778634043781501,0.16519318865478383,0.22879086788686873,0.35459488222989805,0.023931486366799003,-0.09108889558139031,0.0108754966611439,-0.102249598241504,0.03816091561668136,0.002557729757386686,-0.03349222065124582,-0.07252504133502169,0.11285696870666326,-0.06648369574272794,0.0038323972316966753,0.04068267943247922,0.07240935003381407,-0.0196187618417746,0.3310003866357405,0.42580325493059973,0.2709515571125751,0.044767487876959645,0.11196865160197156,0.13682418161908272,0.10480644893125529,0.14157593079200564,0.049036435104350726,-0.012966634788146603,0.21208913371058064,0.002126196257686013,0.36160680137145834,0.4825799965602897,0.31809086485601085,0.2932295091584629,0.08186717059104692,0.31002735965469974,0.42423199700664344,0.428747496728065,0.17459912101959899,0.3508565619394963,0.12465258191802346,0.24606373736248396,0.08898297324419037,0.08657622262929325,0.03168289303847295,0.11612216309307913,0.025305620702091126,-0.0410919608134743,0.04730605015494665,-0.04854245290930886,-0.10080243615720036,-0.10642384941759903,0.10684510284422263,0.14121536304326332,-0.06167420459683195,-0.16289656409543649,-0.0670027373484353,-0.02808538039828622,0.0668527416616145,0.05107857736586207,9.038493807480686e-05,-0.020942965138707376,-0.0705537659494449,-0.1788300440378216
Frontal_Mid_L,0.4998157381142242,0.1855456381002817,0.5087179241364128,0.4891547159090939,-0.02157535084955144,-0.022865004904797058,0.0,0.4918268116399039,0.23856267214209717,-0.030696555839467322,-0.012669178455910132,0.06897859786255486,0.4492166246943007,0.11920817486971207,-0.038399489814423086,-0.17788067745512834,0.08461609595537524,0.07060234432522777,0.3923372131640607,0.360373852238755,-0.19662688627699848,-0.10806914445181663,0.4998161429278561,0.38730619108747705,-0.08193078871966902,-0.022617276814926115,-0.1068871887319027,0.04686095339546073,-0.012186788001729908,-0.27474243688548977,0.254273709611985,0.18738227990710268,0.5658046543758867,0.48523242547579953,0.2614706379860564,0.0443289262260678,-0.04738566865110967,-0.07254333983127807,-0.05576781318552019,-0.18902681993972925,-0.1832994396563623,-0.11432883007645103,0.05391577567037374,-0.13683021323722228,0.19909860232442628,0.19777036664745357,-0.03667046860196277,-0.081477206711236,0.0449139234648846,-0.008976491071477825,0.013538657572537558,-0.07171765266897642,-0.25018829220375516,-0.21369313369872384,-0.07689824530679235,-0.21778770838180717,0.422346164473118,0.21261209683015475,0.291065949367323,0.031055483513526345,0.5416597137253788,0.24494152400920916,0.3824672759104159,0.1685623590354555,0.45376437531193164,0.3142990208547603,0.4439305253252912,0.34473190987109753,0.14163399257019949,0.17757349505990228,0.02997340083642113,0.08569918978748514,0.09127570043287264,-0.013950128194465698,0.10975934769270775,-0.04328228834064393,0.02048767834905776,-0.032904056159940805,-0.08900025768453934,-0.022484424243042093,-0.08227978732561067,-0.0709532643041553,-0.2647372768927547,-0.22546595991755483,0.006689988697782605,-0.22879210426329685,-0.034304884721202765,-0.27083461370414813,-0.0882759415061913,-0.044931441092809964,-0.14622914645638121,0.1108342200181331,-0.07358027016256295,0.04065384580402389,-0.16103559654238495,-0.1727667840481278,-0.20349934557695362,-0.18406238153266263,-0.15236814158054984,0.08286914700524248,-0.08383732556047535,0.0159969187656523,-0.03192579386473794,-0.011487870192786015,0.12136024430004502,0.12019713158381026,0.16526856486608485,-0.1970784977189225,0.048574519067103444,-0.2274487372095121,-0.19812248217697864,-0.18640630721948032,-0.2693810842977087,-0.050913655139420706,-0.0788303412851414,-0.0133619753746362
Frontal_Mid_R,0.44120836984857686,0.2535634444300693,0.30416792689778493,0.702857993795493,0.06646069663208552,0.1273264990265497,0.4918268116399039,0.0,0.17414132979644514,0.17200815349147747,0.07679193005128768,0.5258096607186943,0.32786081253617944,0.5299998345744552,-0.02186965890844061,0.08627233245932556,0.0852139241729173,0.013616305332427686,0.4402347579271487,0.4919501720446237,-0.12559808528466115,0.02857516096158281,0.49956458820154503,0.3980927033271394,0.00317809709152689,-0.07231756893093012,0.012946696854050699,0.24596107394358843,0.054625974552863256,-0.002791817821640938,0.16273585757862885,0.11227074532525785,0.26645825155042535,0.3901187658636493,-0.15859506822155783,-0.16336792819786478,-0.140874107707625,-0.05061203833688138,-0.197910172539169,0.03877627037904339,0.03482930630877417,-0.03129194200366389,-0.1974769105164244,-0.2991493786796837,-0.11268734812559847,-0.03248674947877985,-0.16474064393570698,-0.17385943888712668,-0.12388030606891215,-0.011138121832295213,0.09983138230983896,0.11416616019587872,0.02596916713062415,-0.024103999306508136,-0.060618191395002984,0.034857361261966764,0.1906982887419066,0.0756956450046281,0.2487893027161484,0.27888221608669317,0.4548478952217858,0.6141046526072078,0.2660131057470364,0.538044848906124,0.21135134588851087,0.2739502904350219,0.06006762780295601,0.19307382949301372,0.1448526768670996,0.2125159224289962,-0.08001990975069614,0.0428704365808794,0.09834426450597115,0.07778695463254631,0.18010073408707664,0.05443509557932968,-0.17422403342201445,-0.06026461390817947,-0.11370753231080637,-0.16841278803847423,-0.08129311870352815,0.077894510389236,-0.09254321609734636,0.030744235016262427,0.06583515982087866,0.08692397230315714,-0.1587146495733364,-0.047299898828171136,0.1728982030153637,0.2554555704696403,-0.049519612018863596,0.1025762693662317,0.07293105896030695,0.1074602610036281,-0.2009155742007577,-0.06115371750467266,-0.28406214732918955,-0.2668259896199412,-0.19173684202548066,-0.21238209999660934,0.14342810343843454,0.16866408512127737,0.14458217722091474,0.10241337316193422,0.19106220933944604,0.1862363870081119,0.13313029300567075,-0.37307634992748984,-0.051125178711788254,-0.27839214821449493,-0.2742858075273572,-0.20458574937607224,-0.09543325506166672,0.01394167162693543,-0.1304299869725123,-0.06791703330294994
Frontal_Mid_Orb_L,0.31455639922949874,0.21066684855460213,0.3657663880857947,0.20208370029395162,0.4094806046713952,0.5862491745337725,0.23856267214209717,0.17414132979644514,0.0,0.667330879145055,0.035736483655014015,-0.09574128792797475,0.291562499237989,0.05460964065803954,0.647313453774255,0.5262955425078933,-0.13161731390662618,0.03819615669382327,0.2693164260855909,0.1864795001311432,0.2683392181369929,0.42809935910021146,0.22296086911677188,0.3845227380734932,0.34466205102086217,0.42310177809124033,0.10602147284265494,-0.028282663878685353,0.055401191262033786,-0.10555910985248092,0.13760763720581384,0.24091049422130684,0.10357834451281031,0.03908716188562183,-0.003254804879436116,-0.1044598732284245,0.2366996815928669,0.1820870787289766,-0.3823693750202166,0.29210148737355396,0.23186551440075184,-0.041925751082828505,0.059543877738509866,-0.04663073644028302,-0.10718772748964811,-0.09207177573740374,-0.09400950802190491,-0.038033464642131525,-0.14677116647201166,-0.21582181523241012,-0.19669951190406895,-0.25959817809579155,-0.032400972734152905,0.10925564758374447,0.19113878627799638,0.24793469758567666,0.18480584119712506,0.09700442396706997,0.18906942037966948,-0.04038285483078557,0.1515513669978665,-0.0003537075965553826,0.05607009863700253,-0.10923565841672636,0.13516786773220263,-0.05210309347561421,0.11489275454803832,0.05862994358455012,0.18475989119436725,0.18384675950614252,0.3777898740619887,0.48503671700433404,0.2828214016376274,0.009446954461379695,0.0021500344797169887,0.06700530170717554,0.023139204312258042,0.008658396251638398,0.037492776116143586,0.10421623651544865,0.22156006642481307,-0.011842139579377473,0.27407331149202324,0.37710359600127846,0.3524875364915502,0.16033563776130041,0.1871724395360577,0.2432432066554849,0.30608107876135754,0.33429005974405873,0.2794103299909316,0.43620469874035184,0.12678048919815285,0.2254861707935633,0.0821643489417607,-0.004855847569601645,-0.0011744852643507848,0.09014400220824162,0.14592753205805029,0.17316103159294643,-0.005130464801724537,-0.06511482800399043,-0.17789518748472957,-0.12796836150067076,-0.03413194159920413,0.025343700142290232,-0.06699243478847122,-0.0552673210298994,-0.07076009631660778,-0.10938998247201832,-0.02636203790039257,0.01482855703650583,-0.005071033264451839,0.016173773681272142,-0.054866554120227826,-0.027532208177767963
Frontal_Mid_Orb_R,0.17443453854124882,0.20807647551265782,0.2354846640121968,0.20497884361122903,0.4835389756358373,0.7385268508403664,-0.030696555839467322,0.17200815349147747,0.667330879145055,0.0,0.01304156529863673,0.0022483110359215533,0.08213723136960413,0.12686595971179312,0.6984055050045346,0.7130293544202875,-0.16737523206926067,0.0298513206695592,0.23965618805935532,0.20767527876890204,0.3342851529134665,0.6251329018827761,0.13963270242948717,0.42563924808162723,0.4239327028448728,0.38869151017400144,0.2514447507913327,0.15068883474476638,-0.06802787524963014,-0.007176792422426284,0.034300519343366316,0.15520419329964424,-0.014487656714640093,-0.011872855955731046,-0.0788706924102615,-0.08762822066331398,0.33725967019294967,0.374947357198904,-0.3675622705270387,0.5096536039025061,0.4570256791191772,-0.014917467912202213,-0.11623399220483571,-0.09192902094557422,-0.266237679161048,-0.19926897351995118,-0.15114222377706965,-0.08439091281432153,-0.2712984332564479,-0.2889470651530516,-0.2782254380324462,-0.26646633153490856,0.045113893941534054,0.17175593342273637,0.23036291830224553,0.3907369348822854,0.03154273308885778,-0.006776523672902615,0.014442764315535598,-0.06513079088085522,-0.028731914922051974,0.0035074037814233267,-0.06554556069617633,-0.053170596725026456,0.028288688103635287,-0.13752443968422357,-0.06579968308928623,-0.006145218451469047,0.1795903636175899,0.09670109639793503,0.39119960665002,0.49630084306118694,0.2474061858856794,0.019497552604846966,0.012099859599632534,0.11644952752222056,0.07574144340961166,0.13154893702256573,0.07347697292885115,0.09003718045903125,0.21787274807489532,0.07088702312149169,0.40996301750920267,0.551095813156177,0.3261491894445396,0.32664859472491586,0.17130537230245257,0.3925529075260652,0.4506320078081206,0.5028083697217007,0.28965172938183953,0.4114492023001834,0.1767300356809483,0.2784892392857411,0.1305648727971506,0.09270709291595382,0.03931597715111502,0.06207937872814649,0.04446700873160822,-0.024390569759466154,0.05116526846036073,-0.08275788759677129,-0.1321491136761463,-0.11649548616554124,0.04409511635022037,0.10463668903655876,-0.11546416437711263,-0.12341476271372077,-0.06804376778455952,-0.04315888089256909,0.004910465498203413,0.02413303007540613,0.026301682850437696,0.011767225066148976,-0.031015820385276383,-0.09429676238903686
Frontal_Inf_Oper_L,0.004012714437941657,-0.004613865737581379,0.013056537213124839,-0.0019107150908683997,0.062298259911818164,0.03737401507837436,-0.012669178455910132,0.07679193005128768,0.035736483655014015,0.01304156529863673,0.0,0.3310759597900481,0.3717076588717022,0.35770456432596004,0.024906230613812894,0.13063810900948214,0.44988212823991774,0.1425403320871972,-0.0830240161741378,-0.02598963740732049,0.04097221556068425,-0.054381950441439,-0.09160818576703417,0.016904976201076113,0.012710909818043717,-0.0030387416815665213,-0.028848863852002,0.014118175955045146,0.34180890024412186,0.4072209768821722,0.16677113155999315,-0.1145498949501543,-0.14927517002128068,-0.11908566983893717,-0.14130590443247504,-0.16129567703526307,-0.06960358245954107,-0.09461409697272091,-0.12271451284904189,-0.020924804716445353,-0.009328387786215945,0.0015713948735112393,-0.06128934659713477,-0.08813332315886002,-0.2110785049799687,-0.1728968738559136,-0.0016149743571209137,0.12624345202895226,-0.05749889667106483,-0.05593851283859766,-0.022146297541425705,0.007271976470115139,0.05355512229239934,0.024955592630374883,-0.06380183456899387,-0.00331604006766111,0.0604322693122337,-0.13429352568232097,0.074574018429979,0.03174433587387395,-0.0461056640189489,0.021918539221855125,0.21382878761039745,0.13074126388771568,-0.09365005612933709,-0.1390107957063657,-0.16334200372439606,-0.20628062832358038,-0.21497212186985623,-0.2285382101437082,0.2715537336718528,0.20419271020700727,0.16906504082199464,0.28551884902630875,0.07839251681140103,0.10344113403368242,0.3100005149948417,0.37319203886282637,0.1938134678582905,0.054203559968582546,0.29858877810897394,0.26980923173810306,0.13253646229759725,0.22892081724669913,-0.01664776410985005,0.09762269787274626,-0.16002197805351515,-0.04880062726631743,-0.08605825802820924,-0.08085428969121015,-0.09703986200739509,-0.14748882148378903,-0.19185570045799827,-0.15625094224199404,0.20160347445007776,-0.06765019125507701,0.02075643783844207,0.01918305496873448,0.05851434315228216,0.01185118684009382,-0.13941491801584385,-0.09491294788574994,-0.10075055256706589,-0.15796427198044014,-0.1219117242199068,-0.10437000013859023,-0.16137967872674455,-0.08998361408532193,0.020364877339558468,0.26946824318846346,0.289452561028836,0.06487139143185826,0.12154696631193622,-0.2217825958530474,-0.24410446533967706,-0.24611684434907596
Frontal_Inf_Oper_R,0.02594397628106516,-0.040222130147868254,-0.08508667610465892,0.35272587036801584,-0.026927314034597905,0.0064430702981740084,0.06897859786255486,0.5258096607186943,-0.09574128792797475,0.0022483110359215533,0.3310759597900481,0.0,0.21138581701058262,0.6202430522325086,-0.20129123321290585,0.006793866136314686,0.13626697545255417,-0.02528890077007353,-0.037371084306959144,0.0729373492407279,-0.23024027180166343,-0.1288635676889289,0.12206176005181277,0.10520457039982514,-0.1937614326315656,-0.28212685097664,0.004476544652356463,0.18398073695409256,0.23106516763600504,0.29291153119525587,0.24095960600903493,-0.11686990452585644,-0.22364002984956158,0.022538469135026173,-0.46894574903938474,-0.3775253850408154,-0.40262711816490543,-0.1945644814060752,-0.1821903627026612,-0.09712131687611845,-0.08671440430786367,0.09119008500101212,-0.2732005641534113,-0.29316390422998767,-0.25566168136343653,-0.15007048500884326,-0.2074746356691562,-0.19554928916176678,-0.05049543247538369,0.15953135295508034,0.2686825786169222,0.3940416101258094,0.13374986529341348,0.05323011833509939,-0.26059001534716614,-0.04470494013387957,-0.1358433726699033,-0.22795165475048057,0.06271585945644984,0.32051295370625243,0.14746002231611333,0.4749709144237861,0.16154189285959986,0.5130620952401835,-0.19340450149923247,0.10470096887346184,-0.3480839800471296,-0.21174550467553685,-0.2166952094308992,-0.23494518769080333,-0.04113316432918684,-0.03301745826651944,-0.05083167151841978,0.20391818577938325,0.15734954772513943,0.06152656929329886,-0.11974412461289992,0.04255515047453394,-0.04430528635333327,-0.1689146967270037,-0.05650288660775305,0.1299962842495236,-0.09237628023727221,0.020674626228730494,-0.12315326510302359,0.17837356159733314,-0.3131093147303715,-0.17329319692527456,-0.03904535883678855,0.038003538126873244,-0.28306412175371165,-0.2504033991319374,-0.17741996832639118,-0.168381672194139,-0.18176580352003288,-0.06551125895910585,-0.3277593053767327,-0.3518020689809398,-0.2717404161068558,-0.3645005641524577,-0.0388945294006476,-0.006974792628514438,-0.014410139746538968,-0.09792620787420075,-0.012110862658992284,-0.05811495194628552,-0.02119028872413973,-0.32131787474383466,0.08517479366521472,-0.16233693923100184,-0.15399253570079402,-0.15812815261247717,-0.01634181306607381,-0.17647504385633328,-0.21843764806580904,-0.1992472233171363
Frontal_Inf_Tri_L,0.23041254190745988,0.006756734363503125,0.36398727825025845,0.2764800874601773,0.014962658918746848,0.08958073034692571,0.4492166246943007,0.32786081253617944,0.291562499237989,0.08213723136960413,0.3717076588717022,0.21138581701058262,0.0,0.4277939635243496,0.20860163104432908,0.16966794505681,0.1546313761853346,-0.015567324531718505,0.16750424226925004,0.1606521865751626,0.07508998461474509,0.0034226182104657808,0.4031807311418484,0.2916845169666454,0.04100691857294626,0.1093572615144869,-0.028102554311452154,-0.012626255774197615,0.30671143156220926,0.10588222922968785,0.3979323692465154,0.16381712826465553,0.10129828328869152,0.08923748093227987,0.07258620493359688,-0.13238140963089193,-0.008769231217506855,-0.013037764603097735,-0.2561541625106715,0.06048855334681904,-0.009574994248714823,-0.035429568199630286,-0.061623063621613385,-0.1832288418870523,-0.18054913177768064,-0.17388023303362457,-0.13942827872467534,-0.038762553939241405,-0.20940876975949704,-0.18799094781765993,-0.0355522579519232,-0.09051357895893504,-0.016906123894106496,0.06977521475440193,-0.04019481841533857,-0.01898300668556829,0.054690255302467974,-0.10905090291030063,0.12068268310995611,-0.036689994599229205,0.1717724597130795,0.09894903119804459,0.22240833540923802,-0.00663350417001336,0.25945473203348896,0.013919641107978328,0.09426592866746404,-0.05915047035548523,-0.059667032215553764,-0.0011130639199888885,0.23745076346274124,0.22875942446853267,0.13299801350938606,0.02187086662061727,0.14488431718608713,0.03292315669204733,0.16725206988236604,0.14599802305323858,0.0927999099426825,0.07710726819716916,0.1355882662862291,0.057153366326753864,0.07819354240136092,0.14062891266855646,0.3150543414330067,0.11326915516438517,0.04919774253750357,0.04384299352362673,0.07398616326816534,0.08462547682292144,-0.03479332444368845,0.06433786483935809,0.000501069167949778,0.05624137914212071,0.1085497222368679,-0.13786836875731173,-0.1824229149947953,-0.17395984938919848,-0.09233311970404517,-0.023792280418607738,0.005551924088035716,0.12656472560384005,0.011202122792004936,0.027790059058797924,-0.0632132893775385,-0.015394027992275907,-0.09439349070061097,-0.10106606611157627,0.02108665187906653,-0.08324476478828964,-0.10199638125997235,-0.19929124022724107,-0.06853225444219356,0.0038233134426484843,-0.14631084102894185,-0.05073720663011942
Frontal_Inf_Tri_R,0.03817770313205197,-0.07509598595212962,0.10911395193838053,0.3952499800805608,0.059027481658222004,0.1326620629690384,0.11920817486971207,0.5299998345744552,0.05460964065803954,0.12686595971179312,0.35770456432596004,0.6202430522325086,0.4277939635243496,0.0,0.022805096442715788,0.230969528232896,0.09357216062808903,-0.043695321420437916,0.035346220665335965,0.14669481067670484,-0.027032704072334157,0.049349787321604215,0.28188239947388666,0.24275328460795262,-0.006308402586877398,-0.06823619984327002,0.11993795400145665,0.10868278749800926,0.24882311165494408,0.333387483098712,0.29032226841355696,0.12227281826954736,-0.10518056629757698,0.04141198117674485,-0.2465694446224331,-0.21727420865470196,-0.22398017440849685,-0.08056497139530201,-0.1670161529858821,0.06969624212964069,0.07014772808863737,0.03712096505060003,-0.292304507687398,-0.3179624396891006,-0.3174221007244542,-0.23780439517580776,-0.25321263105226277,-0.1621962878552927,-0.1663375270964941,-0.05145154299235111,0.05171499134646204,0.1381001386771767,0.062256762660876735,0.07696360113083675,-0.11339857941077525,0.031060101050682944,-0.1330492992785539,-0.24149163218602504,0.048610439540990695,0.18970828493905825,0.09209676175357911,0.3614074861504885,0.048811070511729594,0.2629094510584873,0.020022384936738944,0.1285188481722215,-0.19571212581645184,-0.1215502836954748,-0.10398709319214482,-0.09041855599936004,0.06051942755631896,0.12599437733185714,0.0868353674342913,0.14123101452263684,0.15564837768798903,0.10991974772643456,-0.07310957277969578,0.07716445670830366,0.025266174504015054,-0.06708523475188938,0.03063206157863691,0.22963037889761026,0.08953052521301844,0.1706160659545012,0.12156771747500093,0.2729858537945331,-0.1508268090260998,0.023371896824078933,0.08216457809408333,0.17732316856311678,-0.15110101410185833,-0.12385339684638029,-0.07081659660187108,-0.06576558258543605,-0.014946128976907657,-0.0011623642178364242,-0.23365139704431925,-0.285708904821509,-0.25169321536841976,-0.3319149172227923,0.023360509403933836,0.08048824011078795,0.013730546559580796,-0.02969887717148562,0.04420950112954232,0.010269527957864124,-0.018945886087636348,-0.2999486956129098,0.007625880460078175,-0.1490541284594496,-0.17912178773515483,-0.21018642861993214,-0.028831817518927248,-0.09734080893634982,-0.1487321149891364,-0.13908636857596046
Frontal_Inf_Orb_L,0.1429193841374642,0.1431958920695545,0.23320686630249435,0.019114168678308875,0.3904748909351883,0.6395330289450266,-0.038399489814423086,-0.02186965890844061,0.647313453774255,0.6984055050045346,0.024906230613812894,-0.20129123321290585,0.20860163104432908,0.022805096442715788,0.0,0.7348988132555704,-0.15592555979731149,0.03286651142239986,0.17994071503489129,0.14710371131699834,0.48718026154320826,0.5865133623081838,0.11141946320228843,0.3154756955517931,0.4607018506884228,0.4682483900267826,0.18645427515211463,0.029590539003550742,0.07061794056932842,-0.00847917636580579,0.008399141052764278,0.17036261138115869,0.05236816996995696,-0.03839310710847385,0.05898575456920154,-0.02306834935085136,0.38974547480116756,0.3227723588970621,-0.34785729671898447,0.47043444458174577,0.3477520798606632,-0.09465817699646073,-0.10159983048197004,-0.055501388883482265,-0.32054243707619495,-0.30144301263218304,-0.1543266929916315,-0.07639356898576054,-0.36948268840037335,-0.4429710339182204,-0.38578124002636444,-0.4568391384082495,0.06747401493005689,0.2296299726412736,0.2976200324160585,0.3871361392372154,0.005601961979654794,-0.037002610515974595,-0.010105070199650028,-0.2558581571109443,-0.06911062162703932,-0.14703576375298677,-0.10293403267285338,-0.23341712143210108,0.17749843276642135,-0.2332556972038285,0.006380374216828585,-0.03065705436982591,0.05971126633719863,0.10938784939904628,0.43180750093476533,0.4572621953133302,0.25761807944186405,-0.0835796172589227,-0.024011843673221154,0.061291954960086444,0.12955428786910622,0.11020056304141629,0.10154976101753327,0.1713022514390436,0.2830018031908636,0.009798939123752256,0.5106440322184729,0.5195113253582988,0.5209662943269585,0.34833890180021243,0.25059010354162525,0.4977233751681863,0.47361140828692333,0.4933542369784058,0.44130106116932566,0.49237286111114825,0.3666352554880661,0.40557281794836325,0.29675266138779294,0.05528258631722497,0.12381788701214927,0.18760767367921216,0.11409124739379307,0.09480139909269483,0.2261184874890669,0.11413197803003615,0.020268074551346122,0.07370893071581953,0.06502762680814778,0.1646088009370959,-0.18325239074223962,0.01516572505978077,-0.10944452281597396,0.03293175279530179,0.06416869794929349,0.023239610447425802,0.1495291225756757,0.22146814657213137,0.08020412073198344,0.01167106245878731
Frontal_Inf_Orb_R,-0.0006857671549266933,0.11974988139862748,0.2019164055992346,0.11505268740008269,0.366693978770756,0.6206406126746725,-0.17788067745512834,0.08627233245932556,0.5262955425078933,0.7130293544202875,0.13063810900948214,0.006793866136314686,0.16966794505681,0.230969528232896,0.7348988132555704,0.0,-0.19005046960973587,-0.04595655748966517,0.0916065658460222,0.09137004146261962,0.5628980192245693,0.6118583714324547,0.14571328483840956,0.4212886563084799,0.5893142682979888,0.5037203693128617,0.21385154205713625,0.09672069596103217,0.0625819001237705,0.1435493393543642,0.07842065352136626,0.16137983818818427,-0.14507721883302888,-0.17730702689080563,-0.125652676443498,-0.1189250665154926,0.3865868341070366,0.401031438493506,-0.41443797694985646,0.6285309834114764,0.5120377769375991,0.0790589799195266,-0.21931474493528258,-0.16939282414065246,-0.4486017345448479,-0.3962310142747746,-0.23666544830887454,-0.11153615937218553,-0.3540400857559728,-0.39200851165073514,-0.31378027808003095,-0.27572152826320434,0.18717399203503812,0.38186953318305134,0.261542866899874,0.4481503160193678,-0.1759933704233668,-0.13547198464719098,-0.09776154170797745,-0.14830198882192344,-0.23874383836230617,-0.08434633773521184,-0.2061609104799753,-0.14168448560904212,-0.05876592918634459,-0.27145037933291105,-0.24547830063574902,-0.21296332604696228,-0.006915516884951466,0.031458853901042645,0.4473155844943946,0.5259856428739694,0.24362909003789257,0.018752944529677535,0.037355508168246676,0.12282626363085906,0.11265043203314419,0.17296149198609326,0.14968914638052297,0.17796778368344973,0.3188278639295305,0.2003129177018096,0.5987228168507381,0.6738848631231579,0.4456771354078179,0.5415361337610182,0.2742010097564148,0.5639485687189715,0.51856313569669,0.5416440409562262,0.39042448470483226,0.4166365748576926,0.3423495967558015,0.3567722160695712,0.3084621175711929,0.0598183364902556,0.05970319096105282,0.15523156194471968,0.09201779735607837,-0.0252948966595171,0.25180659758014035,0.1349341805888357,0.06795877668334309,0.08853175359362214,0.018543563613291826,0.11364059838406476,-0.18364907220232143,0.02561370685574607,-0.0876718348409697,0.04787711921265131,0.06239909682103267,-0.006564272824756445,0.2003044958208263,0.17713894932304022,0.03880752222882924,-0.01773948089600322
