,Precentral_L,Precentral_R,Frontal_Sup_L,Frontal_Sup_R,Frontal_Sup_Orb_L,Frontal_Sup_Orb_R,Frontal_Mid_L,Frontal_Mid_R,Frontal_Mid_Orb_L,Frontal_Mid_Orb_R,Frontal_Inf_Oper_L,Frontal_Inf_Oper_R,Frontal_Inf_Tri_L,Frontal_Inf_Tri_R,Frontal_Inf_Orb_L,Frontal_Inf_Orb_R,Rolandic_Oper_L,Rolandic_Oper_R,Supp_Motor_Area_L,Supp_Motor_Area_R,Olfactory_L,Olfactory_R,Frontal_Sup_Medial_L,Frontal_Sup_Medial_R,Frontal_Med_Orb_L,Frontal_Med_Orb_R,Rectus_L,Rectus_R,Insula_L,Insula_R,Cingulum_Ant_L,Cingulum_Ant_R,Cingulum_Mid_L,Cingulum_Mid_R,Cingulum_Post_L,Cingulum_Post_R,Hippocampus_L,Hippocampus_R,ParaHippocampal_L,ParaHippocampal_R,Amygdala_L,Amygdala_R,Calcarine_L,Calcarine_R,Cuneus_L,Cuneus_R,Lingual_L,Lingual_R,Occipital_Sup_L,Occipital_Sup_R,Occipital_Mid_L,Occipital_Mid_R,Occipital_Inf_L,Occipital_Inf_R,Fusiform_L,Fusiform_R,Postcentral_L,Postcentral_R,Parietal_Sup_L,Parietal_Sup_R,Parietal_Inf_L,Parietal_Inf_R,SupraMarginal_L,SupraMarginal_R,Angular_L,Angular_R,Precuneus_L,Precuneus_R,Paracentral_Lobule_L,Paracentral_Lobule_R,Caudate_L,Caudate_R,Putamen_L,Putamen_R,Pallidum_L,Pallidum_R,Thalamus_L,Thalamus_R,Heschl_L,Heschl_R,Temporal_Sup_L,Temporal_Sup_R,Temporal_Pole_Sup_L,Temporal_Pole_Sup_R,Temporal_Mid_L,Temporal_Mid_R,Temporal_Pole_Mid_L,Temporal_Pole_Mid_R,Temporal_Inf_L,Temporal_Inf_R,Cerebelum_Crus1_L,Cerebelum_Crus1_R,Cerebelum_Crus2_L,Cerebelum_Crus2_R,Cerebelum_3_L,Cerebelum_3_R,Cerebelum_4_5_L,Cerebelum_4_5_R,Cerebelum_6_L,Cerebelum_6_R,Cerebelum_7b_L,Cerebelum_7b_R,Cerebelum_8_L,Cerebelum_8_R,Cerebelum_9_L,Cerebelum_9_R,Cerebelum_10_L,Cerebelum_10_R,Vermis_1_2,Vermis_3,Vermis_4_5,Vermis_6,Vermis_7,Vermis_8,Vermis_9,Vermis_10
Precentral_L,0.0,0.5888235973405119,0.7062056201803839,0.4786643681420801,0.1740105998764402,0.19459658820466855,0.42849681240020643,0.2489507173839728,0.22383657286129946,0.2649932091900894,0.5951956305968373,0.30610229272374867,0.5293527725527069,0.035637654268990196,0.3829616503048776,0.19075087357410947,0.4196887529854624,0.4917860730217927,0.6951457332510763,0.46649437566858504,0.04255359208045477,0.00983852219965946,0.429615454737554,0.3257863273375706,0.25532410219587914,0.14162870653170956,0.01158876690855284,-0.04430550342864677,0.23765869259443664,0.27956010883674753,0.020934130077929373,0.004352397966211187,0.44573961654442823,0.21511169669356045,0.09101394865011991,0.03922307567587815,0.17162906639175632,0.1731507972065233,0.192263133947807,0.28625806535769965,0.23901966763819046,0.22431777400437672,0.36779647884834327,0.305286729935453,0.27188828907596874,0.30408461449653196,0.2756758468111554,0.320242854072583,0.3066378083173895,0.4456267338632604,0.48440013805397714,0.4959032134535047,0.3816780308060513,0.3086069925901567,0.2819527815447816,0.35827336327064635,0.5617055295899815,0.5464961772281783,0.342218770279571,0.38227755278636355,0.34880368992262684,0.25590183623056617,0.5493276813110061,0.368951970852997,0.6183716512449479,0.06857596232490597,0.21269460069320356,0.14556683564453504,0.5545196954157747,0.47954557209338794,0.448869549263854,0.41851174654664075,0.40325648149674137,0.3190423523248905,0.20734120696738786,0.199613518534652,0.3056737454629161,0.2731310250202679,0.4523182312540332,0.43298548997241776,0.5760846582484545,0.5250463015938096,0.10150938950910797,0.1618381481165335,0.606538472201942,0.45735247787124456,0.24366062811836983,0.12731803137869246,-0.08782921706846841,0.17773008821766467,0.1445454363203558,0.20081198837550784,-0.12197653519467487,0.17791296273223803,0.21378600135300085,0.18200719689149913,0.25148785308891636,0.24015148540656797,0.11954782620969694,0.49500406310597106,0.016359503657078084,-0.022486915616291354,0.14025323315892818,0.13998724703659352,-0.09085305471355007,0.10742447344435549,0.06930247234283296,0.008106721277337447,-0.23164494011654377,0.25289928682562873,0.10768888252193368,0.033254321261427425,-0.046078644434695046,0.02988899739389881,0.039752239286372414,0.13510963141760352
Precentral_R,0.5888235973405119,0.0,0.41124367103718745,0.24796028545052626,0.13404382059170591,0.12323811515290653,0.23237486238467486,0.16773620668276676,0.016845772038258426,0.19711988615125575,0.39830422384836994,0.22773640404673914,0.2324201152185152,0.10445062179530862,0.3623223246678165,0.16518856594200979,0.6046140719193375,0.7112316708729962,0.47961643249478947,0.5013090230892977,0.1437594521602537,0.10453429183495629,0.14678314719730753,0.10645304538364185,0.15651445260750627,0.12602282026932685,0.12832262168782257,-0.07052601673911893,0.3885347079656788,0.4413580662330144,-0.20293737386930796,-0.2089716713720958,0.4549632999290826,0.2530590850514266,-0.05533160400267814,-0.03087514263918086,0.40265988578417194,0.31182145297243713,0.24110076773810785,0.32589072587407153,0.3658726553456904,0.3992226565093365,0.4159831319950662,0.3699220132477393,0.26997049721049027,0.4192213734506592,0.3394026782745646,0.46072308619522767,0.360299580669628,0.5309991790710941,0.5874004095934187,0.5483109986929946,0.3932404234620145,0.26930135727817833,0.33189603897942915,0.43914958852299685,0.7380023715207388,0.762044659676015,0.4524909017156943,0.45706042285735254,0.23175493874698588,0.38482695649650084,0.6679868042951698,0.5942515784672144,0.261217238380622,-0.1415652607558112,0.18062357084151875,0.25025438365859876,0.6488969291004636,0.5778689947840441,0.2797730435011249,0.2620956318529672,0.2197245372556989,0.2587905479147025,0.034850191915062834,0.06417047911345669,0.2608631081338842,0.2971687198045108,0.5315444113638996,0.5686760936038694,0.6712023545773949,0.6419890286138858,0.2372797052867785,0.3170931387930947,0.5387652722908719,0.43176781625162264,0.2462510129522753,0.1410050715294611,0.08627136792066442,0.2538852467783771,-0.08248562843867374,0.017168081204294028,-0.1476176080037863,0.05534965899495314,0.16574724925773243,0.09454887881093783,0.22925766369792783,0.25516621486405283,0.04866529366482912,0.39434575658339893,-0.024871864655837947,-0.05728960107212271,0.25716760334312205,0.1298908431295709,-0.05479406329333488,0.15954825207368087,-0.10503783776892676,-0.006110365504306455,-0.19936071559930754,0.19882037113450388,0.13450830593599913,0.16224283124469152,-0.02011783733651648,0.0778118910236181,0.08240508629144719,0.03731391523101852
Frontal_Sup_L,0.7062056201803839,0.41124367103718745,0.0,0.6048894066356284,0.14713529076178036,0.296713990490191,0.4163468565369028,0.2086748804849883,0.35760187909434843,0.26321327224397933,0.4856721072733573,0.2188355659809835,0.5798802807009553,0.01305658848872612,0.513150509517425,0.2760761154839534,0.2718731801322376,0.3436281470754761,0.6700126700819232,0.40387538378952775,0.17609801124017824,0.12191005353492577,0.6658846512151968,0.5160929450863366,0.4756769762458763,0.35307722142421794,0.033065029357533755,0.057516881791815175,0.24554491127629532,0.20812759291807584,0.2944140556363177,0.2561778822342583,0.38382542289768623,0.28656933132501505,0.34213798131049555,0.22542879841874275,0.27963230922087456,0.25896242166007793,0.2024649648134287,0.32630041323516434,0.30320304651967106,0.20205900721943312,0.26017042085462966,0.20735222028110367,0.2708370418991744,0.21159130776715948,0.1437475131322889,0.21964427495441458,0.2615688850649648,0.3651336674408231,0.44243945557000475,0.44511043606686795,0.36588149653123686,0.32914896021820206,0.26789589717604023,0.31645078152325595,0.34797219235144045,0.40854120744125016,0.3145009592674798,0.35040549118622877,0.3017885886108692,0.1292400034595169,0.40038292649222723,0.14987056527189974,0.7241882290596404,0.18441960665496668,0.37208735046122005,0.24793815075521672,0.4177585823619151,0.3094695060031138,0.5903342797024724,0.5411710233964552,0.37447521035998155,0.28254117335569306,0.1788130488624436,0.13117031677411456,0.3236754068250604,0.20008283698850016,0.3750626753486388,0.43526544664816086,0.46815466297633607,0.4308392443233603,0.06285858088551656,0.09922286852590442,0.6840312090423859,0.594345282213128,0.26413862827696627,0.23141557587670797,-0.1140601123104184,0.27231883792943234,0.26625594934306573,0.4079886403447635,-0.001469954597449909,0.341695952398004,0.17829033465635338,0.09464340797728053,0.21830023961856004,0.17285019262709544,0.07562430775578632,0.529727109293323,0.028432479497125848,0.1288598333959381,0.10885544347004446,0.22326002530971858,0.033281226788352075,0.13581522864280937,0.04596914265037716,0.006119461550619115,-0.16088242703875358,0.03473791029024554,-0.02157753290010311,-0.134861750897198,-0.0684340417857266,0.040021879929131685,-0.028813936875856844,0.21749716463824326
Frontal_Sup_R,0.4786643681420801,0.24796028545052626,0.6048894066356284,0.0,0.09551342362577234,0.34127693910436424,0.5492091735360819,0.5642739877664626,0.4682712650293714,0.4190517729731344,0.3176746620268964,0.42435347896700176,0.4510996288861277,0.24658339529253834,0.376282111217799,0.48713507591030264,0.1244558135051011,0.12070302435053575,0.4944891162334121,0.5030085881167872,0.1245261109147361,0.08488525330611607,0.623872838281516,0.745021389720929,0.3694758027697179,0.36897233715331196,0.20519348896073214,0.18777236669814845,0.07342498991394729,0.14308309379386194,0.4412328116758652,0.4452297510558101,0.27576280347905047,0.4080859919233375,0.25772741664472626,0.20919246433896493,-0.022224820005611136,0.059108233842250286,0.0697852704091663,0.16107415694276758,-0.00847995995347531,-0.029504429921740842,0.13482229663206924,0.1403153462769315,0.18927658518717033,0.1150889351178855,0.022336651165385458,0.09008228079067088,0.23955657500495245,0.22780918773895015,0.15673693585855514,0.20125250203350936,0.03877421892471805,0.011302033526736078,0.06479524500438154,0.09205740314565203,0.11379375226424983,0.1511977853070231,0.1701512286026118,0.2850849265434003,0.222804912770319,0.2814598220820777,0.1398327314873363,0.037384650225000725,0.4362096817566781,0.5385538813491857,0.2510276995758219,0.20428467304594586,0.13104253776703795,0.16841050481673484,0.46859231773776927,0.4639780868630185,0.3913268403350899,0.31349574477089004,0.2291751891279658,0.24384847777234095,0.13165298168326842,0.11969920103603196,0.21764086987371606,0.22784973497682856,0.27001103298464435,0.238791342036807,0.07060463508658915,0.056931683203553844,0.38303365378139975,0.6117454626550327,0.16593539804454072,0.2183124718164017,-0.20240076975317237,0.11941490456395934,0.4687287734620004,0.23784896995052016,0.3149949387538415,0.14760300157264955,0.12300242430533234,0.1342590809751142,0.16460024168579943,0.15515302230839878,0.3406785369860602,0.3397220322906987,0.1963719745714716,0.03557982370825784,0.1328170358480932,0.1455672148652657,0.187353252134101,0.1616065403496714,0.02658173579707952,-0.02832378300682855,-0.18046554201244508,0.06533961868796899,-0.017572906701972524,-0.1518013885526477,-0.005541820907631079,-0.015291276527237706,-0.08182050205139799,0.12549038083582245
Frontal_Sup_Orb_L,0.1740105998764402,0.13404382059170591,0.14713529076178036,0.09551342362577234,0.0,0.2940310939491002,0.23687437635523526,0.14757366663899982,0.23378260805385645,0.2713552905418643,0.13452552047414998,-0.020894889498023907,0.12472097427808565,0.04125959572018381,0.2638534561545084,0.12167897621473231,0.06844377056609183,0.14476651542273206,0.1824367688022155,0.1313601239072979,0.11669345853766606,0.1429688368855541,0.09363151942118897,-0.015643657961349134,0.12637207974205417,0.1256139179734584,0.29483542487606584,0.044342821831446354,0.14132112066242586,0.10345792102228722,0.034751634137807214,-0.007708376712457801,0.1369011627667048,0.09808669311493413,-0.002220663788586651,0.014749329074252677,0.1289863461323408,0.1406071738518795,0.048421508398848775,0.11604755252964377,0.09369089493208553,0.10383629623130741,0.15916144933789744,0.15009816994774797,0.03287083102250818,0.09786629805555219,0.16965747526611855,0.14382536646356012,0.036292386576837504,0.03046871564183335,0.07238203068887994,0.028636684031952565,0.06215552678298978,0.19457657090187747,-0.04741590707847717,-0.010926998949746221,0.08220357446069784,0.08995245023221692,0.04426530117579109,0.020576536740787493,0.18132754852470284,0.10561765808300246,0.10577151972370984,0.12074387596381382,0.22630805030902562,-0.024253683185754455,0.035613640817969736,0.12379865229884825,0.11007124417940464,0.16858475757049882,0.07325654660076006,0.2309574645641469,0.32832163171054396,0.1484038884202361,0.14392656343042654,-0.017695069161050538,0.05996596481528219,0.07025132232771514,0.1357008585726178,0.1749004174598813,0.15506700751620153,0.16377531476157448,0.05487187001869744,0.1286817891813303,0.2204599871742788,0.1857203247848418,0.005574523904554569,0.02985782822077139,0.08262637423033074,0.10353398440933653,0.06773944363681911,0.1416883935997577,0.011389678547097439,0.23121130260770104,0.10755259941738127,0.055258188036979156,0.07919972414175841,0.032445232257838456,0.07837888204818722,0.1016738523077844,0.07768770409216856,-0.05325198347905175,0.07543845821648347,0.09859764216309555,0.04681313179375056,0.1334908830475619,-0.09272843552457831,-0.28182501320932163,0.043959698557129646,0.23520689679838486,-0.04622749737315396,0.008397680357860444,-0.03069849131667839,0.12338745164750754,0.10631671366175753,0.141568385475113
Frontal_Sup_Orb_R,0.19459658820466855,0.12323811515290653,0.296713990490191,0.34127693910436424,0.2940310939491002,0.0,0.3569965783260467,0.36864441445551227,0.48114562541834943,0.52473423840843,0.10462267282934447,0.12479297986233019,0.3021770641719735,0.16802368117483468,0.4928670830370276,0.3131517857004237,0.12829249715155616,0.15401350238004582,0.21484635777912814,0.2116557527137053,0.30996533711669816,0.2094035533267623,0.2575561165057911,0.20672746994500235,0.25963048640782116,0.22273980300280546,0.25916854459506466,0.179043148930891,0.22667176153869092,0.2651915418906042,0.15176510994242126,0.14437957193680728,0.27335145551138873,0.30455212974169055,0.15840852501443214,0.11272388140173055,0.1422859846974725,0.23428398779610454,0.010583165437839439,0.10991582443597626,0.16671781921323317,0.09425610039200392,0.1696383027384186,0.11966025797913973,0.15735541319823718,0.14506375879543057,0.10415900463657757,0.13934867902208495,0.16359207137047713,0.17938506348123281,0.14342681500704924,0.15504164623294764,0.09957393414794141,0.12267084569945001,-0.03911347031477237,0.10513678671694203,0.0942944094734382,0.12699589373612316,0.15840627055112172,0.2227173673203008,0.26353116780727853,0.26229447122607275,0.09927964769471107,0.17264440476047227,0.22138211411387762,0.15472830027086204,0.24514820542813187,0.2644095308540368,0.09837217051276331,0.19626006877442886,0.13035772288781206,0.19940363147844448,0.3207745010919113,0.08347539076646873,0.042637589976787085,-0.005902186917125097,0.16761514636199362,0.04163773953278015,0.24518868416739334,0.247693200264958,0.2082314423430567,0.1957396587962292,0.12965407744373128,0.23426616958854946,0.1850705850567853,0.3040418401365382,0.058144859045386604,0.09749442530228423,0.07273271619944155,0.2877008934093723,0.22665722402927835,0.22681781526673786,0.13405943674248058,0.13450610683907704,0.24634335252125472,0.08735214335584476,0.11106454683440224,0.0471754288751082,0.12553349573765996,0.1847908600421499,0.04471182431920223,-0.0644608614071923,0.034484868766777074,0.0855935927000025,0.16273280934133486,0.22862091303731577,-0.14332717834182024,-0.14878561343957683,0.052830821930027506,0.1149253548803675,-0.18572823856703638,-0.06179817353873583,0.010982697555201128,0.14094099440133642,0.03834623224350297,0.09251079370684934
Frontal_Mid_L,0.42849681240020643,0.23237486238467486,0.4163468565369028,0.5492091735360819,0.23687437635523526,0.3569965783260467,0.0,0.6820717499970297,0.391970372210944,0.5118472508300115,0.3795751811445039,0.38312707677563995,0.4932755047303103,0.34337825767610913,0.4461946263511109,0.39930881355124215,0.029163615100668776,0.07842071656284559,0.3859511969349865,0.5010308043998458,0.18681489396428244,0.16948128479888944,0.21310900395854876,0.27404783022426743,0.1649581183890944,0.18801996076170063,0.1311628097250251,0.08148801902534837,0.1729092082353246,0.2991999979465935,0.30647487970398146,0.29712944472857455,0.4131661494381677,0.3967390051259792,0.02436248459513611,-0.016563132446357147,-0.0056005853951407655,0.0883440310291739,0.05017872173149486,0.06637276763090329,0.06294174434078083,0.034149621510806485,0.2322526781143286,0.2634053375663635,0.19659712335428425,0.23334465731553974,0.21480522083934722,0.1993511013774646,0.32115717084684753,0.3159419801247586,0.17025024791908513,0.20741922832799692,0.03765137605271716,0.015087029081462998,0.11333812973642016,0.19583617261581407,0.041943330044404384,0.05172805809921857,0.3184245271546297,0.4104130195708877,0.5405028031026732,0.5041397362435645,0.09001566863190481,0.3365451632403689,0.3257034188611095,0.2665630652463196,0.25689125810213104,0.28528999901549035,0.06739206285348573,0.13644207649483062,0.2977081857566862,0.41091694336528073,0.3952095928976543,0.27735811021648193,0.19691527233538172,0.1265917078596366,0.05892808754050075,0.03553800264445093,0.14009906596686533,0.19458716770750611,0.29362990122581456,0.33111645895274444,0.20252042168086673,0.2309069651073656,0.281021510448853,0.3827021362196777,0.1388174836357391,0.1951668174356437,0.004455232062520009,0.11391741485555765,0.24469900047066878,0.14724686318311536,0.19564187447890546,0.14766842347189144,0.05216078421781631,0.19065348465191068,0.3243303552089726,0.29377352900985,0.5067863467572921,0.36583722899050763,0.23803653080331563,0.023288037381500704,0.3216232218650195,0.20849882482425913,0.28744650979920405,0.3561148999407285,0.007514128293067613,-0.05884325029522292,-0.1427044926231419,0.22196531039366355,0.077740193910077,0.023426725725752967,-0.03221928880043615,0.098569874090891,0.07265683451042028,0.1413795266129355
Frontal_Mid_R,0.2489507173839728,0.16773620668276676,0.2086748804849883,0.5642739877664626,0.14757366663899982,0.36864441445551227,0.6820717499970297,0.0,0.5010472949490901,0.6715883582338673,0.3419893691457307,0.6313083318732166,0.41364606262661846,0.6238162196892089,0.30034583564176875,0.4646142290732721,0.047501243177823796,0.06332512085219648,0.20671918373872486,0.42168316427510255,0.18120077201771362,0.16070606342701654,0.15553194553987343,0.3422078794145052,0.026014398506709932,0.1271824084097378,0.2095240064888342,0.11745936838618608,0.13481873654540028,0.3363844985177128,0.26828192416028834,0.3340657330762375,0.35169635516675174,0.459366315784744,-0.016880953495550653,-0.05499533216460248,-0.13335657710904453,-0.02183618109914736,0.05380989464548307,-0.03729320395495827,-0.04668117474725413,-0.09615731309036743,0.13040273461436075,0.15584851583194517,0.08676759378965263,0.12898227780471822,0.052022128084059815,0.08227144531240846,0.18130915587812654,0.1671146238228091,-0.020091000456117798,0.025006291603719224,-0.07848569182060683,-0.12750610868619555,-0.005724652843709782,0.010488790895538004,-0.013975225888330308,-0.0322205310373049,0.1496981838731301,0.3327702624975237,0.40816701865165134,0.6343475175956986,-0.029177700895718188,0.3146915056218539,0.07079240550654398,0.4765016200189476,0.11603103506597519,0.210003566075964,-0.03601864014639963,0.12347398207476343,0.22076043088436278,0.36121455844157974,0.39625774487794047,0.3298309207328835,0.1452892881087872,0.24663163489838164,-0.0234994203172569,0.07405214330558492,0.18905776367733132,0.17756666180199415,0.28132430201820263,0.2513852383262151,0.20532937569706353,0.18914521647544996,0.0725634662603365,0.3406829718270861,0.022319455577169644,0.06547808680581052,0.004070798984650619,0.015125472127137418,0.37316176364548703,-0.02036653703191461,0.3904335366527445,-0.0028432585471845737,0.17265807764481547,0.22153526750445587,0.26245377685316273,0.217564133708447,0.5429942576989469,0.13498828153888848,0.34075387661013057,-0.0352241339402751,0.21860007103540688,0.03328809630843786,0.25856731344190087,0.2217239599084399,0.044421252863328015,-0.0403977637971812,-0.09386330158709874,0.23156314081089494,0.03292574032219768,0.018927548412159555,0.09436081489370943,0.07961067809846918,0.06385756824190092,0.08823872186346808
Frontal_Mid_Orb_L,0.22383657286129946,0.016845772038258426,0.35760187909434843,0.4682712650293714,0.23378260805385645,0.48114562541834943,0.391970372210944,0.5010472949490901,0.0,0.6614063089813771,0.2809832444417633,0.3191870460953877,0.49299870878404684,0.2999200108899146,0.4491889772797326,0.38605024564605206,-0.049436493087578554,-0.03187069415840499,0.16042371963585106,0.08966624675021183,0.09778356954271869,0.1400926402774212,0.3737667226131516,0.3093668828193923,0.17977658167511934,0.2322423841444711,0.17987805094845707,0.10213322035672542,0.019955271134025135,0.148806602155137,0.23649725745730737,0.26245718344016616,0.12441668568068703,0.24159725993533956,0.08512086554999555,0.017159029525657427,-0.12496944989463042,-0.008080595869364654,-0.04650974225629338,0.004038711784319783,-0.008589558553899078,-0.06455148238920809,-0.12896984206012324,-0.13038849711581507,-0.1631354065553018,-0.15297839205528335,-0.13921517145225726,-0.17193035103866688,-0.07387192605211129,-0.03795988493909631,-0.1064160743533494,-0.07874982932165286,0.06960909923121186,0.11872218762340736,-0.16867509648842005,-0.15745296301580441,-0.09476777055784569,-0.038295468248345996,-0.10523199146034988,0.06424326213033087,0.24730095004883995,0.21236776428424117,-0.08189106637742413,-0.009567618600765954,0.30821344261686795,0.4203834245414557,-0.04762284292653897,-0.00921893677337066,-0.027496456492383196,0.08155734264015106,0.3768522021088152,0.33781178786986304,0.35972113694314706,0.23521564341884132,-0.0054493745173230974,0.07328917791503399,0.1131613635208397,0.040953472123828064,0.19673225292614965,0.19100746195353244,0.16203452819493525,0.017628867204671488,0.018482040486213398,-0.09135076307662462,0.17578534710945604,0.3112605697508031,0.07588779006520147,-0.013650782104125457,-0.18180945147817568,0.08241794485275768,0.3846335831471584,0.10978999809236699,0.2574295209786272,0.11241666553404006,0.20305374923225852,0.06090809599737366,0.1998725365685686,0.07027495468864278,0.16557317058773557,0.09256951529722925,0.10905792818731823,-0.05870743278573355,-0.017326260164360174,-0.02572520928147772,0.20050456041331574,0.11021473799878011,-0.007422529118720102,-0.20143194789871643,-0.03703882000244542,0.14699797647606364,-0.11821223866241065,-0.19099178040038403,-0.015722910100186904,0.13643138162781293,0.08635661411724342,0.30171823653073016
Frontal_Mid_Orb_R,0.2649932091900894,0.19711988615125575,0.26321327224397933,0.4190517729731344,0.2713552905418643,0.52473423840843,0.5118472508300115,0.6715883582338673,0.6614063089813771,0.0,0.3238999044744297,0.49714294721868224,0.4262424041391077,0.4882654766802454,0.47399194158692226,0.48600430859680005,0.14760768493166362,0.14820579993526156,0.22230138132718563,0.30407282244508044,0.24784752198887483,0.2609604544029837,0.15617148454651408,0.18016462457750979,0.12626000261898018,0.21799712296914567,0.22251021849208014,0.059257312392923964,0.15769257366580747,0.33949657202477135,0.08214966083614313,0.1328266500135768,0.2363549199530475,0.32690223667932505,-0.0919202735107402,-0.1480520713503998,-0.00874130599830198,0.09848244024908144,-0.018430828858339236,0.04126226854741771,0.12468528970396915,0.023943817619443718,0.06369320456648424,0.026454137001366902,0.007168268031051905,0.0817405345079206,-0.02545920402564231,0.004082600498635015,0.09812075410049832,0.18490064404867215,0.04534673614511138,0.08814988373537967,0.09163918137886715,0.09686886282862331,-0.023197230355723887,0.072277704351466,0.04514229749834548,0.08413606341594702,0.07874871158151163,0.2418191799067538,0.35498226599779303,0.5416248252160044,0.06882104514446874,0.3039663718621653,0.13142759605291665,0.2996652269715572,-0.001998607921323916,0.0518926470096208,0.07762945681955265,0.20520823916162295,0.3023370426325497,0.4098252683740178,0.3628848363856791,0.22123775477034716,-0.006280368987871176,0.07940089448185518,0.023857377271606816,0.07477855108979113,0.23856334211166227,0.2904858093412792,0.31550549976812564,0.23965432976600906,0.2361688264488461,0.20611936744335219,0.18586056575130785,0.3857286326338689,0.13588760532885666,0.009431839171251958,-0.02476629002909447,0.23412017028282772,0.4088045604267975,0.13703492235143233,0.32871259545107123,0.12540360344618007,0.21897177101664955,0.15258770599168203,0.268277220606277,0.1861423904192308,0.36383225613272063,0.1960871161619244,0.23194631739718907,-0.04515487436830547,0.18322089335820124,0.0720548750541447,0.2571719768535789,0.22041537742268474,-0.06495660082326452,-0.08550700136747272,-0.026017588280649144,0.22725101260944916,-0.07523160173014032,-0.01651987783917024,0.06734752339515296,0.15647913799771462,0.10684491614968206,0.15549391130277926
Frontal_Inf_Oper_L,0.5951956305968373,0.39830422384836994,0.4856721072733573,0.3176746620268964,0.13452552047414998,0.10462267282934447,0.3795751811445039,0.3419893691457307,0.2809832444417633,0.3238999044744297,0.0,0.5585868850429175,0.5809809913598148,0.2925861471763743,0.24023260375680006,0.18464101503197,0.3334277525449515,0.3625566456267138,0.40964446044913827,0.39695410085516963,-0.04623232056467526,-0.061599530602422584,0.15401788172148867,0.18331974914021668,0.06625138043679825,-0.08603932707488314,-0.055402996163309653,-0.0939267466980817,0.29777734971202013,0.34875878015997686,-0.014445071772416527,-0.010878387855249073,0.29878757188524846,0.15526154674456638,-0.19938173673069257,-0.27722587912203406,0.10303799111103872,0.031562736934745705,0.24469696189177562,0.13541813700396715,0.13581201064698953,0.12035020874831816,0.13725736658318816,0.1385797312622409,0.0767705410324694,0.1540051476537536,0.04310451796559739,0.09257862111639399,0.14906613119222234,0.27368862292865614,0.2247725738015246,0.25542377988692777,0.19606280302686052,0.10356780366582656,0.26076706511457415,0.2266935997362416,0.2932547508547303,0.27285121193281225,0.17483455498628267,0.234010559541331,0.3478083454593507,0.34899700134126077,0.31096058093309303,0.372883209526714,0.37883105113251037,0.06017444691008834,-0.060266105594167674,-0.06895990797401373,0.27266290723612163,0.30285477815200956,0.4747432505572744,0.4430746593249282,0.4236883296121832,0.40757039725193417,0.08995896487362978,0.23852176867948746,0.117823765667332,0.20540276322103776,0.33509869082931365,0.3396636908798234,0.4951989067773177,0.4975683823414877,0.0619502522420907,0.15947531658941722,0.40566993377145616,0.3228935945105219,0.15849491726133763,0.08358728475284728,0.03056319351688422,-0.01659207952470791,0.077699776133721,-0.015860047580128503,0.007213167833441572,0.019128187117146388,0.18478920994164516,0.07943080360476726,0.16886837660879372,0.14539053494213577,0.23576368546122153,0.35679168112965615,0.1595424141425993,0.054048578925453256,0.09631307347894817,-0.006373387740065485,-0.11295662370657782,-0.02656952893673629,0.1787046514719289,0.0832281583880543,-0.21145530871048088,0.11150297785922922,0.21797439826499795,0.15396481898461825,0.17998468048093844,0.03282440473143339,-4.8872702498444875e-05,0.18093491331863634
Frontal_Inf_Oper_R,0.30610229272374867,0.22773640404673914,0.2188355659809835,0.42435347896700176,-0.020894889498023907,0.12479297986233019,0.38312707677563995,0.6313083318732166,0.3191870460953877,0.49714294721868224,0.5585868850429175,0.0,0.42451537488809876,0.6752534452580929,0.09927257355085019,0.34194809408073057,0.17022637301962532,0.15546276044557536,0.20001030291873,0.4190782919227517,0.04544333739315601,-0.03265903247474954,0.03289245250340811,0.3281645544218813,-0.027054441024134117,0.015489837124458943,0.07934661302964768,0.04294743166932324,0.16245952000334352,0.3410521981497412,0.13430721374833424,0.20088122042890139,0.28591038761003296,0.3124544511248011,-0.10919875715853343,-0.17633643728849568,-0.06526356389083458,-0.06489754901955874,0.12704377864775843,0.01973967435461205,-0.041542542968437235,-0.035764990647570286,0.09068682851079614,0.10574256875906478,0.061781377211160525,0.12151875504870469,-0.04596901528652557,0.052675500924132396,0.1265798511877843,0.23230057619162978,0.06107445140134889,0.09629763750394812,0.04604348789312245,-0.11937175631495985,0.07239042215418096,0.037857568649407314,0.06981609888232895,0.01995717960565364,0.10680410298848689,0.24098252468077835,0.2957847007813803,0.5812906497643404,0.037250172014766325,0.3460038904530182,0.009445057628123595,0.3657176105027628,-0.015216120092099033,0.030271482863581802,0.05764446714382237,0.1697483217174781,0.2648952556396118,0.3398901493505291,0.35702684574010085,0.40773086205195924,0.21627626834130473,0.36555291119378897,0.03947644868288219,0.2507524500550538,0.22506157515442843,0.18251342559764425,0.34799087909835774,0.3231468442940948,0.1404491615291551,0.15166380804984286,0.04062726427845719,0.2995598586999799,0.015988138747835202,0.0777678972296422,0.06587861805055611,-0.07189233143965072,0.19372533199829028,-0.1754778118459263,0.27788454033847787,-0.14159967452678532,0.21827804643848034,0.17570373750214865,0.13141096067265828,0.09641324557703498,0.36417154520190614,0.10448012956624346,0.308727546088725,-0.026571526851526164,0.14604918965250469,-0.0878461571990814,0.032695421662400276,0.01621578751031826,0.2330466496507696,0.12478562409827369,-0.1965505066958256,0.10157738759874567,0.17096679805773435,0.07123094751285222,0.1533307167877251,-0.042973970688907744,-0.029919086347842568,0.010266493186882867
Frontal_Inf_Tri_L,0.5293527725527069,0.2324201152185152,0.5798802807009553,0.4510996288861277,0.12472097427808565,0.3021770641719735,0.4932755047303103,0.41364606262661846,0.49299870878404684,0.4262424041391077,0.5809809913598148,0.42451537488809876,0.0,0.3426961151302908,0.5053242401722172,0.34298539675520445,0.004166046674200017,0.10158260725773022,0.43327046099423,0.2857709654827315,0.10328036527761002,0.04682184691006919,0.35060638138277195,0.2901519508178623,0.19687266932042524,0.10153737501040673,0.11890535588097548,0.10096955995531309,0.15425513049118783,0.19792289044580583,0.18791129115709948,0.12544756051940253,0.26158565060760947,0.1699709641224078,0.05169506574022625,-0.036015581808971804,0.047102324619256467,0.0799390366382572,0.044377025692479914,0.13540592241218588,0.08540908190532433,0.07653321487780558,0.13510737152020003,0.1092843169804863,0.0751359492136603,0.09904568913790092,0.1386800635238763,0.07182554636002353,0.15688405123631716,0.26587623699101176,0.18852891351091056,0.19769125424177997,0.2467519169673197,0.2237892498220132,0.12191715330058678,0.15558602047324452,0.09152892245649867,0.11863796761709824,0.2482509107088561,0.3286418439288877,0.4497859886716414,0.30515780275179905,0.18498849019718877,0.18842309133934654,0.5348247093585519,0.2865534991484246,0.20225975897174422,0.13834771613997793,0.18918488939209774,0.21248964606083776,0.4226574605367971,0.4298527242864324,0.38730256093926596,0.3246999540121268,0.20636324193027894,0.10535361614618585,0.2994621470362982,0.20521828420595392,0.18334881821241383,0.2155233142397482,0.37182143077258967,0.32364730792376006,0.012964322683791269,0.1561058411913037,0.39708456021487504,0.3567281942491053,0.11466906915455866,0.1325265841930908,-0.006493837598405068,0.17277190307996038,0.32283852397542967,0.2637666944503494,0.2326612807230563,0.30400661544135416,0.21423577729715654,0.12265382439476737,0.32120293740493777,0.20529818898556126,0.3550703237092724,0.4160248324594877,0.20277596648072208,0.09638001822912459,0.1691108243613714,0.19606213075000845,0.11187436094108683,0.20484409009513344,0.1769775236491734,-0.06728955424366559,-0.08431835026630176,0.1268729606465021,0.018335331795726363,-0.07231239123195472,0.016250880464722464,0.11126086688077397,0.054437099628294,0.25951651817494026
Frontal_Inf_Tri_R,0.035637654268990196,0.10445062179530862,0.01305658848872612,0.24658339529253834,0.04125959572018381,0.16802368117483468,0.34337825767610913,0.6238162196892089,0.2999200108899146,0.4882654766802454,0.2925861471763743,0.6752534452580929,0.3426961151302908,0.0,0.16079843189099474,0.37886662023755024,0.10446798208585442,0.065547537361065,0.08510882519029644,0.31319960047818146,0.16749886478772263,0.19381159505912446,-0.10538240990483914,0.15360109629187838,-0.030369883988951595,0.06291234907614553,0.14322872897898484,0.11446829987050121,0.2216896437113831,0.3920172319345502,0.1851791240182606,0.23440962550563282,0.3126237540147663,0.38483114135270596,-0.09052902878639059,-0.11063687611847627,0.010900655817953126,0.03476418664801887,0.12696970267200466,0.07191109559221984,0.01956065077810113,-0.010274122764193537,0.11162387003121531,0.14808507455364228,0.025171273752827388,0.12682666448665977,-0.019074207689544417,0.06819382068836957,0.10303578923174522,0.18172416708789085,0.0020942047022504883,0.028060832211858164,0.017960315878711823,-0.07576389184517177,-0.023602411504842342,-0.015866864061830844,-0.04048986040877308,-0.0980228284397298,0.1685916591216669,0.2957303904005337,0.3436000977346627,0.6046105982151496,-0.06440705619014836,0.33336168331379884,-0.17113189348887287,0.26273269151075185,0.06254919970280023,0.21696726295108343,-0.04488781406186089,0.07160910036442601,0.17683561916630794,0.31631155695102975,0.2617587013930442,0.2987768383963414,0.16061406181110038,0.22709612653949032,0.010407298785157181,0.15345225958771586,0.2051842819907148,0.21074557335587968,0.2644651872078663,0.262335633868962,0.21381655561481633,0.24933430211623114,-0.06809925483349231,0.24328091512474218,-0.012929389164505447,0.035729273281393664,0.17395544048095074,0.06187486478329411,0.19361803141543132,-0.13695723295510115,0.3440747056080182,-0.11283092734670318,0.1975395024745,0.1701158177369763,0.20034597961671485,0.14931409270691523,0.4450289143583733,0.026454350095754198,0.34271948868994756,-0.033711507529690994,0.21659054297720298,-0.006869821222059095,0.2182015803903674,0.08911961358199877,0.21243077826208503,0.06055087451491979,0.0220078023219158,0.0835756815829958,0.06830308699105256,0.13792385313707353,0.13654244967701745,0.11157062371390984,0.10447192936680232,0.09672839138815424
Frontal_Inf_Orb_L,0.3829616503048776,0.3623223246678165,0.513150509517425,0.376282111217799,0.2638534561545084,0.4928670830370276,0.4461946263511109,0.30034583564176875,0.4491889772797326,0.47399194158692226,0.24023260375680006,0.09927257355085019,0.5053242401722172,0.16079843189099474,0.0,0.6062518175947937,0.19439781764103584,0.29508601659187866,0.47027112085085754,0.2616218310033952,0.4929665373282971,0.5074639478214035,0.3870621119857506,0.18414273001092218,0.5050352410360064,0.42234685711866854,0.181622920470968,0.026324970752144107,0.28886551389809806,0.41338794538210744,0.2346263252502805,0.1306464777588495,0.3530048319936564,0.2506269306040605,0.15453333809382602,0.1431429464403873,0.32843811108907955,0.5432107393743202,-0.04224401727070867,0.26515753020653077,0.5319738362698921,0.4095882811825516,0.304605174294075,0.2638417236681494,0.24688803613346305,0.28275766085267856,0.23332968582687566,0.23765713436953267,0.2694570999718124,0.32242215075406705,0.3346507708798086,0.30094371653938085,0.2766739664358824,0.2692690954130499,0.12201025545553713,0.31313366028972933,0.23048986320760917,0.3111346299648326,0.29963113256050355,0.3573135239267562,0.2910504588718745,0.26307231840342293,0.3766917746786129,0.29513142236916035,0.4214557028423852,0.009264300956485855,0.2946640815754971,0.297033018293912,0.2756771830892459,0.27342146479099566,0.384182884499405,0.45176077849887325,0.34531001666475203,0.19024894254006453,0.11619732786619547,-0.10984630755225959,0.30004126670619596,0.09163536548435185,0.35579066554356387,0.3957682696857735,0.5046097618165175,0.4271269799272802,0.34974957097717363,0.3822632571899092,0.5613943063707002,0.5366134834958508,0.3888120464528496,0.23896771843109796,0.11804990695179723,0.47232568864046587,0.1932365022444995,0.296926628484822,0.1489815481179709,0.2885578311004263,0.2063760419565583,0.23599167860533668,0.49161835686408123,0.413737158039044,0.2334616881995612,0.46113097544934467,0.176304772017007,0.04298983291638154,0.3909785733803287,0.4104280960226354,0.3561807448750983,0.47138142261613114,0.009109118648388835,-0.16387629955050634,-0.12113312989773059,0.24810505825664925,-0.016607533621247277,-0.1127073750737573,-0.2748340503693892,0.15002256551516133,0.10091666848307049,0.23645465025049203
Frontal_Inf_Orb_R,0.19075087357410947,0.16518856594200979,0.2760761154839534,0.48713507591030264,0.12167897621473231,0.3131517857004237,0.39930881355124215,0.4646142290732721,0.38605024564605206,0.48600430859680005,0.18464101503197,0.34194809408073057,0.34298539675520445,0.37886662023755024,0.6062518175947937,0.0,0.13288873479586102,0.12211575827611489,0.3251551717808833,0.30819365780900676,0.4363618645779757,0.5055648105552999,0.3099257453879369,0.3691532169047486,0.43444243380727765,0.43170578442501784,0.21944620490948502,0.07820126932885434,0.15678743588974317,0.41811338719636154,0.36598621771228584,0.3072982041294391,0.19708355195126703,0.26672577738116426,0.10876708223863352,0.16894151484799294,0.13746919435195618,0.4124584700823487,-0.06731061943241355,0.14453171106373378,0.30698462175820207,0.2215231903156368,0.20404951521382478,0.23510001632326635,0.19824450837762472,0.1842999819244171,0.10885791348248772,0.14004970144603185,0.1888610470179746,0.12142593304921574,0.033348637876680395,0.008371907135453358,-0.07978687818086644,-0.1097878412207384,-0.00012097357300396454,0.12197962704737031,0.01726431065741401,0.03973906278546659,0.0477224438434922,0.12287619246630217,0.11140108175690493,0.32249824647746894,0.13166080969710664,0.17373522862849913,0.13064413679451228,0.2734000002160513,0.0864877551392818,0.09382338079979524,0.030316751774913085,0.08226421566128313,0.2910771767311482,0.44095694042296146,0.2729151967110183,0.12829321475816752,0.14341343613327595,0.06733177795521732,0.12653656164751745,0.1239120310035685,0.22180380049662687,0.24029673545056984,0.3720757825726799,0.2655108230740933,0.3883715100677619,0.3811073104341543,0.2787734359204848,0.5216321777765869,0.27252071600756295,0.21262953124623496,0.034528176883703944,0.2775127023106099,0.29039148360540384,0.06462332506062178,0.3116059204106103,0.07953494143844138,0.10153879887423974,0.3192558594721172,0.4299096702208822,0.38112895693035187,0.37571352957060844,0.23443802866207863,0.2819664662916389,-0.04937422518223528,0.3471755300124424,0.23062149368830623,0.3443957992440997,0.3273661693886355,0.14371332502372092,-0.09411843081094487,-0.2788095151394157,0.16567544877162166,0.11542059529782925,-0.09710205181093008,-0.20352726770945834,-0.06076075971492723,-0.04361043347395817,0.15466534432807474
