,Precentral_L,Precentral_R,Frontal_Sup_L,Frontal_Sup_R,Frontal_Sup_Orb_L,Frontal_Sup_Orb_R,Frontal_Mid_L,Frontal_Mid_R,Frontal_Mid_Orb_L,Frontal_Mid_Orb_R,Frontal_Inf_Oper_L,Frontal_Inf_Oper_R,Frontal_Inf_Tri_L,Frontal_Inf_Tri_R,Frontal_Inf_Orb_L,Frontal_Inf_Orb_R,Rolandic_Oper_L,Rolandic_Oper_R,Supp_Motor_Area_L,Supp_Motor_Area_R,Olfactory_L,Olfactory_R,Frontal_Sup_Medial_L,Frontal_Sup_Medial_R,Frontal_Med_Orb_L,Frontal_Med_Orb_R,Rectus_L,Rectus_R,Insula_L,Insula_R,Cingulum_Ant_L,Cingulum_Ant_R,Cingulum_Mid_L,Cingulum_Mid_R,Cingulum_Post_L,Cingulum_Post_R,Hippocampus_L,Hippocampus_R,ParaHippocampal_L,ParaHippocampal_R,Amygdala_L,Amygdala_R,Calcarine_L,Calcarine_R,Cuneus_L,Cuneus_R,Lingual_L,Lingual_R,Occipital_Sup_L,Occipital_Sup_R,Occipital_Mid_L,Occipital_Mid_R,Occipital_Inf_L,Occipital_Inf_R,Fusiform_L,Fusiform_R,Postcentral_L,Postcentral_R,Parietal_Sup_L,Parietal_Sup_R,Parietal_Inf_L,Parietal_Inf_R,SupraMarginal_L,SupraMarginal_R,Angular_L,Angular_R,Precuneus_L,Precuneus_R,Paracentral_Lobule_L,Paracentral_Lobule_R,Caudate_L,Caudate_R,Putamen_L,Putamen_R,Pallidum_L,Pallidum_R,Thalamus_L,Thalamus_R,Heschl_L,Heschl_R,Temporal_Sup_L,Temporal_Sup_R,Temporal_Pole_Sup_L,Temporal_Pole_Sup_R,Temporal_Mid_L,Temporal_Mid_R,Temporal_Pole_Mid_L,Temporal_Pole_Mid_R,Temporal_Inf_L,Temporal_Inf_R,Cerebelum_Crus1_L,Cerebelum_Crus1_R,Cerebelum_Crus2_L,Cerebelum_Crus2_R,Cerebelum_3_L,Cerebelum_3_R,Cerebelum_4_5_L,Cerebelum_4_5_R,Cerebelum_6_L,Cerebelum_6_R,Cerebelum_7b_L,Cerebelum_7b_R,Cerebelum_8_L,Cerebelum_8_R,Cerebelum_9_L,Cerebelum_9_R,Cerebelum_10_L,Cerebelum_10_R,Vermis_1_2,Vermis_3,Vermis_4_5,Vermis_6,Vermis_7,Vermis_8,Vermis_9,Vermis_10
Precentral_L,0.0,0.7107748060065816,0.6128631808190356,0.3988800621467938,0.12763365204606753,0.20888099851408443,0.5323801104054966,0.35056460961459895,0.31400473338668844,0.21976323364834882,0.32753514435014,0.22466840582122535,0.193061260429583,0.22105208608193005,0.314538977010805,0.11901533906353141,-0.0002482002677217571,0.1981548671211726,0.5873989769587514,0.4457117003962323,0.09083521160052588,-0.1304441575132747,0.23606612340636662,0.085839505912436,0.1861131202381913,0.15918057210924408,0.0786421138567833,0.09315464146907149,0.07154680206181413,0.05568363496544953,0.12090676624841339,0.08666538753907656,0.4352737149121486,0.25455835339919186,0.10589727886825243,-0.005679653564284014,0.09664645427922486,-0.05953167714202636,0.2850193693331219,-0.0740436494895369,0.0481682839629043,-0.036583041767411235,0.3649252854430097,0.26621541711111596,0.32099652871900075,0.2780834899685187,0.30600811931069216,0.3053757821126695,0.3676568987868836,0.23507360003282798,0.31354786104151355,0.2677180151138834,0.33454424699447943,0.25633728732482947,0.3660877740724959,0.28900085926702085,0.7571567003285664,0.7431570870127787,0.6611612899939933,0.6370647074564976,0.5664769016534756,0.24458392566729456,0.5177100045321262,0.35700305793690834,0.36805405815816017,0.13466069276980439,0.507564144488938,0.5138772176573452,0.4919027669775966,0.4863910148628272,0.3942895924198928,0.3962964769921049,0.12931631858232182,0.09097111654199479,0.27065838783945173,-0.0052146486310868405,0.316386711019487,0.31766785065232517,-0.07658289204148637,0.04919338578862995,0.20635324933623195,0.26369134040405756,0.06523069028873327,0.33090518792524154,0.2385054972646907,0.22607563856143953,-0.02064078316033257,0.0491474010249915,0.19491128586936463,0.13358917522549754,0.012048485293020782,0.05712842307163492,0.03060546259046078,0.08365514505410379,0.29327314726878945,-0.011415871201768011,0.2916368624451387,0.2263627756817651,0.1928959002689133,0.28630716667112466,0.05510361253806557,0.03877397238443034,0.2851832819377946,0.15619295200110928,0.0049962176823374425,0.10751580002800892,-0.06177151304894938,0.3045105558905863,-0.02142063840271241,0.18208034353480823,0.08524356175637933,-0.05251032402022748,0.12340829810585315,-0.0557773951290538,0.20894141274341765,0.07119400377316681
Precentral_R,0.7107748060065816,0.0,0.5779705660663202,0.5418075894224337,0.13234192504386508,0.2601801785772844,0.42188029407030636,0.42544772196951536,0.22607631578223167,0.22361520323550627,0.09909535716317514,0.1987549949667823,-0.06250253821738314,0.22116363577410414,0.22637667102774026,0.12942321133036022,0.1128144185605382,0.3022525952001828,0.5589586624266856,0.5650969376287306,0.13976436062885692,-0.06323974764797917,0.24938366095864908,0.1604542840841476,0.2485288495861722,0.20054987993972742,0.08932744673895132,0.09945726466366901,0.1201166717452684,0.15859860827573688,0.18200333964805473,0.1513348183453404,0.4547027369625183,0.3455496845284216,0.2102222674941397,0.14001929508028707,0.0923790587243824,0.01491915281111087,0.2320554323169332,-0.02017719521778465,0.03143305339707712,-0.03783174252741803,0.34868033860042863,0.2776015410337255,0.3057647434788556,0.21372210077647147,0.3173027660726312,0.2854285550063818,0.2330179061025515,0.16463041209988405,0.21847116507728148,0.17565055941938484,0.2641574913780536,0.20961627248464668,0.315540436398136,0.23961620072093456,0.7123231384875196,0.7871766997512886,0.5285347633371722,0.6043888558324221,0.34386752800805415,0.29146652992000754,0.373492895157375,0.33424444068157033,0.31508803142765385,0.22167017256367802,0.5200618298726434,0.5376242844135011,0.5881376876436539,0.5824604292511804,0.32556124620571947,0.38840358775041384,0.15078790888160962,0.19943215151826676,0.22854079276893097,0.024893664227808764,0.2281314167785112,0.3256103197520431,0.06391255364736542,0.19907747745975052,0.20801936404657817,0.31127651807607376,0.09157331523971865,0.31030721591332083,0.1825203361653048,0.25006241136397056,0.0586152427824643,0.030699881664284757,0.21547169422912044,0.1436192622883714,0.05160966894166313,0.06343694101446272,0.0412232992763766,0.05074218981038539,0.3022185781490574,0.04880414581857914,0.3091733666715063,0.18032548226989883,0.1585167642627647,0.1442050625676368,-0.013551591449300146,-0.0449841996847279,0.32634210816269144,0.0975516502157748,-0.004124633847987593,0.08672471337108449,-0.08612922715453693,0.2229702073425721,0.03623077707758829,0.18962024538073027,0.05697515014202581,0.025438421254588818,0.12278903236559788,-0.068536077682364,0.2222296369411982,0.08247746428195801
Frontal_Sup_L,0.6128631808190356,0.5779705660663202,0.0,0.6392232953657788,0.12099064217259867,0.14645623416908488,0.4935300660673423,0.3991267598630743,0.38269883652526737,0.18984808827979233,0.21519935484891997,0.1498168142426865,0.2101236654826421,0.3479362793610904,0.2559841946476008,0.10063342154253083,0.06319855593518031,0.0588457520117252,0.5586879773195893,0.46684753979041393,-0.012920589486983557,-0.2031197231666063,0.560557124728442,0.4929563175851497,0.303112911861404,0.23406727680841857,-0.022004938358644463,0.023525394298418854,0.10053512794471829,0.08767736515339326,0.2703228063142784,0.2958247089214701,0.41182152456425675,0.32662599111529583,0.2711093897451357,0.21983508949072741,0.02094493449786505,-0.16570121795319143,0.2485764264212452,-0.10154294972288985,0.04212071291032712,-0.06539343006628386,0.332294843735697,0.27211302669287185,0.29878204416248044,0.21055277840884734,0.19852558406105544,0.24963149407319354,0.2601658714141258,0.30992383592509953,0.25536306155397626,0.2711687597058755,0.12755377707281498,0.3045120739498596,0.22459469662983778,0.11682051670692957,0.5826592963906555,0.561493178172938,0.5142223007750117,0.5495630653908811,0.2973452461736772,0.37693604071080583,0.29462605613975745,0.1797983226857282,0.3923334770891748,0.31571205034632943,0.4671989294535424,0.3528862442729278,0.5202360604397783,0.4807386851779462,0.296825761048101,0.3843472470393091,0.15195380830292832,0.12430532240297394,0.23555850442649498,0.03887098080895167,0.29774680324695857,0.29256230280969814,-0.04030815093879173,0.13866109934342305,0.14969844673680338,0.3016374659211601,0.18315199041970193,0.3665349753811618,0.21653500972939319,0.18653803889963494,0.07436707017961855,0.18284725420283948,0.03708569297182905,0.05434210219797728,-0.0665302223708162,-0.056940507573730675,-0.03407210781797665,-0.0654190291928525,0.200751184441349,0.050381124628176746,0.1979348162358564,0.13768365542703725,0.015513037597059631,0.09523473404154283,0.01175912975317368,-0.15517678062090562,0.24476764290835656,0.05480291248281736,-0.11203643557624977,-0.08705495068695401,-0.029492310271815175,0.35802420002366864,-0.01626098605366679,0.19858294557521142,-0.08318068257121639,-0.2348385497252858,-0.11059752678856602,-0.16175309914992278,0.07155258946273324,0.018160157068163072
Frontal_Sup_R,0.3988800621467938,0.5418075894224337,0.6392232953657788,0.0,0.25771827210118875,0.29453299459045784,0.47627564700479813,0.7026420601641545,0.26969369654378944,0.24162851378893155,0.07425296296636724,0.24466748451599366,0.11468300660846413,0.4273138475381018,0.22665668167622546,0.23290723087778828,0.1250466153567143,0.06488041373630422,0.47184442059133175,0.44011139924375936,-0.025077939318523,-0.08957384798584503,0.5697266720518714,0.48724467061952403,0.26845209419204014,0.2639329036871038,0.06733487740022921,0.054229661979372554,0.038994967525392686,0.10342552604007858,0.3877245382176044,0.5075470140157594,0.4321044487531493,0.38912118203153917,0.45705875833836157,0.4020558591187616,-0.03678475715565815,-0.04453984868774161,0.17479017960698043,-0.005992954899138144,-0.06789181974735568,-0.03956050055184807,0.43184573118998854,0.3507662870299774,0.4015535233860302,0.2306417600535337,0.3251534915924489,0.41000856902767485,0.24117641463006895,0.3995178632444365,0.34736627668598835,0.3527193826655139,0.28863970457321253,0.4850287052554728,0.23979992621327906,0.22447246765307524,0.3724928658220741,0.3869193117496841,0.454572856631913,0.4968230364018394,0.13569763504989932,0.6125224993235991,0.09249781394115257,0.16943980199735767,0.4134297559364666,0.6108536160228494,0.6018288197940511,0.4857691806835586,0.40491893957344294,0.3594643845306327,0.4501416257925905,0.5147872586985526,0.23575634025622044,0.2872969121014647,0.1334876139478916,-0.04674028686729414,0.39767892865702753,0.4776619759362081,0.12505965435784133,0.3130394879243232,0.14353908580623514,0.383643061977574,0.08682788219481323,0.3732097409518072,0.2805713681746869,0.44396459991018333,0.15863569684252166,0.30568845859856913,0.1565735037171385,0.2643790201677628,0.1955460691179835,0.08953848009294492,0.20206256920214627,0.06318314766101536,0.2114637162507282,0.1041074606987055,0.2099136545582767,0.09165520688003892,0.15137205975917592,0.13296561499509993,0.11998383328488389,-0.04470444339353664,0.2720726654676327,0.14904808929199043,0.09695673444213065,0.09510542625017385,0.007780355759031036,0.2565675961032568,-0.13421681747059117,0.30710111895498365,-0.02014688139205297,-0.09985634376052933,0.07082418130432364,0.04575979169943862,0.27250094817517123,0.19456999403999625
Frontal_Sup_Orb_L,0.12763365204606753,0.13234192504386508,0.12099064217259867,0.25771827210118875,0.0,0.7382586378756261,0.4513458330079603,0.43389749285055074,0.3283264206951449,0.5510635413819674,0.22923911296778196,0.11465134803876953,0.30669173520540194,0.2855954414480148,0.7381336925012687,0.7363335401170443,0.10386193157720294,0.10264283707336558,0.11637226034599643,-0.006970112680998547,0.2310017485105113,0.2572307011548398,0.17589366978914447,-0.10215588226811191,0.2203532716078208,0.12180329593492724,0.716573439852542,0.534427505882827,0.21051824248335926,0.2565513763145333,0.20934455973798646,0.1677266094884745,0.23762533536287606,0.17350053181696937,0.1218806201615382,0.1115703529857633,0.04588635847196775,0.4544993036468812,0.3664172944530094,0.3938955305997491,0.30023759565632124,0.2745525007090535,0.18855239967309534,0.025259284372754376,0.07914663644078315,-0.08470864980742684,0.14262579439610742,0.1127138877415151,-0.023890666330034713,0.016184127032528254,0.18287156770684854,0.05707212504736685,0.5125744740341353,0.44927789814419744,0.6145724649428118,0.5328856609098941,-0.01670284986114351,0.004347342041920213,0.11234531172650832,0.02666686325683172,0.26330067042497585,0.26723803632066295,0.3441577234193301,0.33698232142315326,0.17863284074229369,0.22654039624772015,0.2577470575377924,0.047626286069714786,0.009675983295293253,-0.1036817124963483,0.4464875366705808,0.4479599724964514,0.2409567124485002,0.26121176304565086,0.11501481235699157,-0.2654835835352565,0.27174171211745446,0.29440497938326937,0.060112793592946225,0.11949264270423043,0.31429528521959527,0.2404119495958238,-0.015193677087791431,0.08802886606035329,0.49287339231674276,0.5224227339582329,0.4300942833782681,0.24565839819458646,0.6927543765267583,0.6614322850238867,0.420328233947504,0.2810902798389575,0.6158280426269446,0.6231923797845257,0.25804799335734807,0.15482730661969984,0.1513204522306942,-0.13665114549382865,0.24800177141059337,0.15137180752878066,0.49240341598868026,0.6244378163568461,0.40504853282263986,0.611701066983903,0.509558737647743,0.5510489789594155,-0.06879978124041232,-0.19383006818894055,-0.31722156334562646,0.23104364382276837,0.07288715505775245,0.09973244516186248,0.4767736168302843,0.5871513346134967,0.6596884138185074,0.4326740521834961
Frontal_Sup_Orb_R,0.20888099851408443,0.2601801785772844,0.14645623416908488,0.29453299459045784,0.7382586378756261,0.0,0.42138138941666786,0.4557655062031101,0.26436989389360954,0.5900125098960788,0.1662251944630565,0.1192206440783479,0.10000800631147766,0.25474715635863615,0.666218638619056,0.7326871071851851,0.12288559949702363,0.15105927026130192,0.19564072895265677,0.10312458984419152,0.3308328571957433,0.2572879123172359,0.049864894144979126,-0.15879443661603462,0.2863450836091532,0.3110451302883998,0.7302725646465755,0.5890650453336903,0.1599695615339837,0.26990172514470107,0.1691070519744039,0.15870451221122836,0.17729260357603924,0.09376949524375362,0.042451004230222834,-0.010299117409888344,0.010561446731622246,0.4652433709348921,0.3581460658831838,0.4129588837995367,0.24808922124083696,0.24144381038337404,0.19046153497818796,0.0917619928821168,0.15014469407979084,-0.043717076469464475,0.14079989062994705,0.15019648141654554,-0.000386009398246506,-0.03819956877216138,0.16012424779168666,0.022117033324923267,0.4182888789943614,0.36994056645726836,0.5215893672452525,0.5358658943342246,0.09575483584821959,0.16042097830125335,0.14252685805092657,0.11752063526602839,0.19064943447240765,0.2357434651791903,0.3220458655715131,0.3094907963152993,0.1458155802996156,0.1385677480257092,0.25648838038026267,0.18689285457875737,0.0988467943911805,0.02170866235542391,0.44276962544442117,0.47747179604752843,0.24572682105344795,0.2176836192134192,0.19178315356940448,-0.24409504344487148,0.17057860180565051,0.22597772048392112,0.1511668580238106,0.18083530413802335,0.22152350014074124,0.22828668509493444,-0.10580850912982347,0.10334385433748533,0.30405454065610416,0.4886473353020933,0.37995394467119387,0.2335166543621663,0.6182217420811839,0.6819782416478212,0.40475023839789714,0.328622179943089,0.5601226450363332,0.5713039206980747,0.25235792604557306,0.22876759009952224,0.1630416302340893,-0.12009542037931029,0.2153995853240487,0.16361168101048465,0.3599180668612055,0.57386270283055,0.3824585628292362,0.5801992047102104,0.4897935718525898,0.512885954165801,-0.1376469288954237,-0.17682676403675016,-0.17985405089395354,0.20154021988831716,0.0832661590102857,0.19494561630639504,0.4791817558583374,0.5159378174142664,0.5755045839034839,0.3331910430468396
Frontal_Mid_L,0.5323801104054966,0.42188029407030636,0.4935300660673423,0.47627564700479813,0.4513458330079603,0.42138138941666786,0.0,0.6074993085568965,0.4158411813499087,0.32951111852003556,0.48270622574120675,0.2585801930650902,0.3921335086360363,0.3074656182207101,0.5518591830921431,0.3385631793765073,0.07319785474511016,0.17700793694810313,0.5187533693565051,0.25278102078704345,0.20243836899565734,-0.08101991695741628,0.39756612594372753,0.1111980653053132,0.23849338931833328,0.1381649405533023,0.29089957417760803,0.19635484161346534,0.2027240806154159,0.14849287277641057,0.3680931042469464,0.26249069822404003,0.5691111275771541,0.4012946252877459,0.20854508967959762,0.14497370208199226,0.0488045545634699,0.08672935467255084,0.38211431825091535,0.12228145264943754,0.06301606195963147,0.06365137744236152,0.4879551122646349,0.3165179187225623,0.3152179264496593,0.10410841020260138,0.36945813813516176,0.40891654293034785,0.1646419842806142,0.08263061344596252,0.297229077322035,0.14695635530764523,0.5220079978087122,0.3890547933675053,0.5373314626668763,0.4419878368496093,0.3417048697581277,0.39674226854524064,0.48110144882231975,0.3541981306064288,0.6546594541885511,0.41641073291096364,0.5721980023078566,0.5272196907520039,0.44647894664521887,0.3470351845335197,0.567008430197101,0.33793008629747184,0.21393265532750086,0.18214389736854272,0.6353484585121069,0.6089393833557475,0.28726530406383577,0.2714933590334036,0.2518309913480042,-0.057753345207109855,0.5257629297713807,0.5072986551651291,0.011481030493026356,0.14352694831569504,0.33850336334036996,0.37956888482457457,0.06079165160825164,0.3413843272246974,0.4782424419275793,0.4143568990364764,0.20202134156907417,0.194530802217447,0.4493379639318876,0.43209435019397213,0.3217957284234628,0.2619669723775339,0.37563719133071577,0.423970384664915,0.3826449056227908,0.08187733523360281,0.43665751690922494,0.14847293494347014,0.46164428322442597,0.4633714239975842,0.4065530127582347,0.3811491979806632,0.5711745683431368,0.4484706614553233,0.3165396820979144,0.4077089475096517,-0.0073700390586061764,0.16078166825587398,-0.19482181707694432,0.39082837916829416,0.2328662803667835,0.0195263805199385,0.32379360387848105,0.2959704471577406,0.5349952654517776,0.2826901234492087
Frontal_Mid_R,0.35056460961459895,0.42544772196951536,0.3991267598630743,0.7026420601641545,0.43389749285055074,0.4557655062031101,0.6074993085568965,0.0,0.24821326974031643,0.3490645255249712,0.09885387955768624,0.3479383782209491,0.08075816082376536,0.37996120542561634,0.38298562085344307,0.3712934600953543,-0.0009740695898544611,0.15617617897182323,0.38718149445520966,0.2796322513969255,0.03793514474377592,0.016462349250802435,0.3486647980795042,0.18069868578895582,0.10520231806806417,0.13343095910871408,0.2178186938503946,0.1302133084404734,0.09061127305283606,0.15507482722510776,0.34967929424138444,0.4431847846542295,0.37720368620823413,0.37476335464224325,0.25706444733851586,0.2315358598021425,-0.08615368948393808,0.08011140602601532,0.18988011386839038,0.09811437639248863,-0.021341363989758087,-0.008015967935325479,0.4789252063886431,0.35805305527848846,0.41022277463026513,0.21631390870162553,0.41664672003459363,0.45563031175498236,0.2769883813014872,0.28392079468447295,0.3133994220608091,0.29034179184381076,0.4294608843129879,0.46783359851886736,0.32706489704858865,0.3136572759337931,0.19555276095541488,0.33836360110887437,0.40290197468061195,0.4761952249325507,0.3001192446526039,0.6165490191278378,0.21944744752288595,0.39961439493204454,0.2977282887707472,0.47936051174241695,0.536236805720405,0.5297854630930311,0.20153911635482533,0.20615087003703997,0.516949250880738,0.5936122805622093,0.33874539696756095,0.3574352187848967,0.08918558716674652,-0.1133243054371554,0.33842384518712326,0.44719897483533716,0.08020273669796685,0.22087201911292387,0.17986161019369198,0.3696515512152053,-0.033373313005590766,0.25342723910880643,0.2681978119901479,0.48679634064695476,0.12208884909201387,0.23753389164286828,0.33438054437500886,0.4207717648217613,0.3351889617640562,0.20376436366774991,0.4212165044098426,0.30499100544027863,0.2347971577465087,0.01131899265093991,0.16901822356347082,-0.03932352922152215,0.2648193371859279,0.2078812374666664,0.36627870920232214,0.2720320333982119,0.4316526689829742,0.3850324889048348,0.2765531192445909,0.2858002564186313,-0.055718631708786596,0.16302921746783028,-0.24975476878609823,0.2649801669936287,-0.0036409246903559454,-0.054804282323876706,0.29231299766529284,0.2349915570226893,0.42927839786642985,0.2812497742812065
Frontal_Mid_Orb_L,0.31400473338668844,0.22607631578223167,0.38269883652526737,0.26969369654378944,0.3283264206951449,0.26436989389360954,0.4158411813499087,0.24821326974031643,0.0,0.5024390370755311,0.4025104709961083,0.274332550151466,0.4350865284807314,0.5295176502805762,0.4971741145010273,0.436886008753182,0.010811859098733691,0.11811264314190478,0.13310625181434516,0.07340047079385556,0.1910444916472871,0.03578969344146784,0.27233330090364466,0.16221354870518778,0.2643394130259112,0.147149043866061,0.09586302339958444,0.10726011835881481,0.23535165531359642,0.20190201561844565,0.23981963966439004,0.17617027732953638,0.25497302823480644,0.2444113512257995,0.17670213656406938,0.19658134911744435,0.0960388019890778,-0.010129889567922,0.20294427669693024,0.11812897264206619,0.24864498009611952,0.18398988378821426,0.1260410000202327,0.03283886665112029,-0.020771236227762068,-0.12804275168509804,0.14072047842303523,0.052346875503824664,0.025756404975810866,0.00991893698099683,0.1816875610181104,0.07463778904584596,0.28285352671684716,0.39753435215261773,0.36723305742467116,0.2178153643729908,0.20908422163560503,0.19003866445391654,0.3227853634474604,0.20380074603879447,0.36088475223892286,0.2750071815235745,0.3335477405726289,0.3701052120063794,0.1769586049337459,0.16499636436921272,0.26469451899232566,0.05080192484262879,0.1721886412120684,0.1375797421271669,0.2886800741528024,0.36477265067410686,0.11300344673305712,0.08457996614971745,0.17220001660375195,-0.08946886308205619,0.30999598731349276,0.3194909442751935,-0.05890075607953917,0.03470357302267469,0.2858201941312344,0.3585040743060775,0.3365658832435126,0.4019078619809827,0.4371233633289182,0.30317962171680896,0.16847439256594313,0.3902510123258997,0.1834549129905118,0.1294536954880248,0.052243490268950414,-0.027510144619458138,0.17254064622395748,0.06801570708418633,0.37269080753494904,0.17388837746310432,0.27628213303581484,0.31627271829324155,0.14480083913848057,0.14261066042166837,0.18504352405676935,0.10545018713974681,0.3872131895270617,0.20492539958171152,0.05997810131182209,0.09585241593268665,0.31571741880430065,0.2807516140940222,-0.16261849279019988,0.3397874878442774,0.12414151063214261,-0.11040839662492065,0.1199035246388288,0.23240814469665375,0.15723902910749024,0.1902856304841163
Frontal_Mid_Orb_R,0.21976323364834882,0.22361520323550627,0.18984808827979233,0.24162851378893155,0.5510635413819674,0.5900125098960788,0.32951111852003556,0.3490645255249712,0.5024390370755311,0.0,0.15949897433680005,0.2766080376777081,0.13286650711996653,0.36540756799533713,0.576264461272216,0.6653576962997468,0.11596297501051162,0.11283817582951135,0.09913081490934314,-0.007784051087227103,0.2164888093055177,0.22983991769138276,0.11796903857715299,0.044502143739995136,0.3545844617151544,0.37174530721139587,0.4848747666709061,0.4536017380458803,0.12321779712502892,0.2221933887614553,0.17244900178684375,0.14559946436908344,0.25609706147898464,0.19813748719279564,0.12536469457605476,0.1402512246092221,0.08035035400104937,0.20136534489010566,0.39595057841231274,0.23531202064132764,0.2972433371736789,0.32886024927407115,0.1497388112840424,0.06722740573124565,0.18034086536469754,0.05131131347976831,0.22400658911783244,0.14453259609295407,0.20052104292152587,0.15422901009875248,0.19598658645884676,0.2091098084314331,0.3014002465793243,0.35171814721752226,0.4336122107554293,0.38759761690846156,0.11045928631158695,0.10375883348794877,0.16400602487181482,0.1566242546353757,0.19589777203811912,0.2976958411209817,0.26647768067303973,0.31902299856405836,0.1376984992656836,0.18001054737982022,0.26819934571861326,0.1824206700282491,0.007117571464674748,-0.07515716566845916,0.381609099691313,0.42033795180910655,0.10918584484589024,0.11220318421046326,0.13429018549399968,-0.3636394768419702,0.1663229487926491,0.22500119403543561,0.0034626506494355226,0.08109509091434589,0.20827853366728716,0.23660359252866844,0.13802385558755753,0.27849870111936054,0.2528232408726415,0.37599105702641356,0.29000272230048796,0.39476246632289225,0.33941741067153663,0.374152333541934,0.1758556984818309,0.007818648464299445,0.3328388282932775,0.2773912886220833,0.20450529906882145,0.1047033507786895,0.2010251919442187,0.05896539774224883,0.16628834178053575,0.06892106718977815,0.31748701371876703,0.3830399490007726,0.33211790329618257,0.4034517996791233,0.2695194754040626,0.27424066213267384,0.21658002411954932,0.18430050522703237,-0.21979724492050198,0.21636722635465777,-0.014010750091403533,-0.052775971764979446,0.2546420941065463,0.4107712236198061,0.29960696409480403,0.21589892277613898
Frontal_Inf_Oper_L,0.32753514435014,0.09909535716317514,0.21519935484891997,0.07425296296636724,0.22923911296778196,0.1662251944630565,0.48270622574120675,0.09885387955768624,0.4025104709961083,0.15949897433680005,0.0,0.31246453867327717,0.6805928284540227,0.285175792046074,0.3897868385900888,0.23624278269967178,0.12916044776483585,0.05024442267187115,0.2578735280072358,0.020116523674919114,0.1136861252629562,-0.09381096312704824,0.23282129838624857,0.08359204612392225,0.12603024333978483,-0.08154751981241061,0.18378126187127694,0.12409345644360444,0.24174355806770623,0.10572552793477105,0.1670945317010877,0.06173113459758208,0.34424125192543586,0.25427749349603374,0.03360574269738564,-0.08504315499479988,0.06530164213233615,0.04500174478271544,0.3193171543003293,0.15802353292701987,0.11960735395218067,0.08536593592841843,0.18132853644084385,0.1877001250956728,0.015084245330387915,-0.04567158623133854,0.11542889552941342,0.11643607959336043,0.07582747973522692,0.03908488497822408,0.07628212892744413,0.056563601897024064,0.21538192829553343,0.19927083863725203,0.35415892994068043,0.32590331687045987,0.05171958088202004,0.08886519700514642,0.10565803023704108,0.01440664852552642,0.460394743136835,0.12448224569020286,0.536384536823374,0.4445586650545828,0.20878707830502036,0.08881795479905318,0.13101591250790923,-0.093424540253884,-0.11870472317435386,-0.16358488045622724,0.4670086102670763,0.2982456888522997,0.15295181913119588,0.098702990558673,0.24505800399803032,-0.0057800841597555625,0.4527381318171754,0.4034255120506676,-0.01785973234094017,0.04028251186093709,0.28792840079588633,0.2678540987954581,0.1537296070964848,0.30389179813117656,0.4080927143822921,0.224964849929738,0.17194970706355733,0.19420620209492737,0.22500270174646217,0.19058350111178374,0.09088985055810861,-0.03934792961315248,0.1580058650002039,0.19524101778929587,0.3963032449494059,-0.01264676191596321,0.4527107710823619,0.2121281515354167,0.29123422031239576,0.2912551040183125,0.32965474463307204,0.2314414228165972,0.32961706787994904,0.27313734700019443,0.23213563274807358,0.27514758959249835,0.10499529953097848,0.04719918632815513,-0.1425174378918384,0.3741147888504025,0.250082569459454,-0.06567302282792745,0.18422318392145354,0.2357194397541789,0.33291817473828356,0.20372292055553629
Frontal_Inf_Oper_R,0.22466840582122535,0.1987549949667823,0.1498168142426865,0.24466748451599366,0.11465134803876953,0.1192206440783479,0.2585801930650902,0.3479383782209491,0.274332550151466,0.2766080376777081,0.31246453867327717,0.0,0.34978343584034666,0.5708015167474575,0.2544439647588628,0.27899874426598575,0.31997227663649563,0.4335640319262001,0.19522540373131614,0.2214598000400252,0.1550752040353147,0.054826900222575116,0.30326582934137775,0.325095817853367,0.17587359306160066,0.052464186130599874,-0.032714950768508014,0.08237052107562863,0.4355340261152778,0.511425940690667,0.45674733785451593,0.4230249448313431,0.38436987927641714,0.5310509931060895,0.10227199282917142,0.050779312658094156,0.12839163238590512,0.0792220704045174,0.24273094584400087,0.2456445096518357,0.04730122592080046,0.22981566950870214,0.3074471876762907,0.34087868926395326,0.28161864961368777,0.20544507684649518,0.4146378683357535,0.32280209595225523,0.28446250762629693,0.19422122274656523,0.17636132153261283,0.30714167392723296,0.14212827628685967,0.2027403535644659,0.21104111538509954,0.288389414647574,0.05351170855574835,0.1272208269664922,0.1046829128482918,0.15058977874808024,0.1834597622797662,0.3647031495332277,0.2650555930622564,0.539485639554277,0.1894956757236361,0.28790238804700835,0.18596356673718945,0.23521891902935912,-0.08240906179061387,-0.051065741819773136,0.3268944039226743,0.34370355558488636,0.3680516801615519,0.4276476445858385,0.20666115877191207,0.16032283901163705,0.3997331179159218,0.4437039922602009,0.16185022352325465,0.2734395270912797,0.42196213988902403,0.61646246281117,0.15408115018962906,0.47367819359115226,0.27733393602276346,0.4600301851224217,0.05615413175143658,0.3721486754396872,0.017013592611407023,0.13619505206465388,-0.05696700988865264,-0.20410947575499366,0.05441348404132457,-0.08443932402728849,0.22615034396381367,0.06960342937748774,0.2261923486031161,0.24359611728740874,0.05730404102569271,0.02885021639400405,0.15829277796305127,0.026174196720726225,0.15440582621609933,0.05096355967381548,0.131639667228762,0.06807598709763188,0.23464973581471277,0.18475865821316526,-0.11541658357996643,0.22837025383156356,-0.04985411591994851,-0.2213340286312257,-0.022459675042404245,0.10646668380613097,0.10661997635675137,0.3227746024082788
Frontal_Inf_Tri_L,0.193061260429583,-0.06250253821738314,0.2101236654826421,0.11468300660846413,0.30669173520540194,0.10000800631147766,0.3921335086360363,0.08075816082376536,0.4350865284807314,0.13286650711996653,0.6805928284540227,0.34978343584034666,0.0,0.49006888945811056,0.4385463421246284,0.30450836857514735,0.14552995112121134,0.06723744229429134,0.2101053481363485,0.0319671531630002,0.08014435078702527,0.03506458247023375,0.39301003783785743,0.2419908432125912,0.21800895587187452,-0.03147970013175186,0.14153251169933406,0.10126276038905636,0.2810714303791489,0.16616302435235925,0.32091065285481934,0.22256722086152017,0.3199298787051859,0.31336608221506834,0.19832434157331072,0.10549291629982262,0.17856129061811443,0.13160934508008368,0.20182751170363925,0.18188484704499766,0.1292197244543091,0.14770759690956117,0.15724536194793892,0.10894867330197383,-0.021418070461537257,-0.0530687417697838,0.14880360432413936,0.09298925097879104,-0.02106657384319973,0.06809426774879664,0.11999839208186387,0.1501509067990017,0.23428026124244813,0.30972341357436206,0.3639484392359119,0.3020839789189593,-0.012003333727218016,-0.08794151299317989,0.06212580716493172,-0.08178868720805718,0.2971054329062867,0.20141478331478072,0.3599022883019277,0.3412206979029737,0.19917593666992073,0.19944538578683144,0.09580918570563648,-0.17604688798185708,-0.08260054663272888,-0.16974514708902616,0.36267318526957265,0.27413936083228074,0.2206440827096569,0.22336190479588658,0.20218477721336575,0.03169462427364892,0.5030748859726841,0.43101794358437523,-0.09760314192396963,0.05300657225098801,0.42010538073502035,0.37342536488664685,0.2353778625320533,0.3348713308934354,0.5806588983701336,0.36049088389609946,0.18568436375106145,0.31108079567670044,0.19273985866663443,0.16240114423889937,0.051714476000536705,-0.04561728963249738,0.15471570580558855,0.12273649687934504,0.28652749966169916,0.06411099111815076,0.2838063178099939,0.2998900513491221,0.15413729501704235,0.1559226804448333,0.26645167198142533,0.15038109802173497,0.2118820321355445,0.17650115388508658,0.16509287551206095,0.15734663980602948,0.07204122760099085,0.027594235613549525,-0.28059088507329827,0.27610941895773444,0.23608521915363279,-0.1570444493558345,0.07445475461628756,0.22449850492573947,0.25835826634288356,0.27295693757924344
Frontal_Inf_Tri_R,0.22105208608193005,0.22116363577410414,0.3479362793610904,0.4273138475381018,0.2855954414480148,0.25474715635863615,0.3074656182207101,0.37996120542561634,0.5295176502805762,0.36540756799533713,0.285175792046074,0.5708015167474575,0.49006888945811056,0.0,0.3978451076344181,0.4422745197246324,0.1964825800555463,0.26853223905677315,0.16824753673444828,0.24164382776493276,0.13244671476712122,-0.0628693019589788,0.3936713097444652,0.4016108786604696,0.30897187664061054,0.18660081488027017,0.04329350381714572,0.07929149108696096,0.42486331245573145,0.36889841415446933,0.4375849557794704,0.5144473498236092,0.33002443703075,0.41117029188193693,0.2841874784680572,0.23578412787321157,0.037435022886454145,0.07344786677941882,0.2316876878849325,0.16891006949346649,0.09688902588580112,0.1937405670170365,0.14494529311830898,0.11888733666684015,0.05298705873054258,-0.05988413055728971,0.1780047088869749,0.10756104037237947,0.039129711337667954,0.10343096810039544,0.17002561406280864,0.18834432629586356,0.1774289186102672,0.34786816049365255,0.25719148999507907,0.2642406687804879,0.17105112367266742,0.08384573256882992,0.2283585934838272,0.1935354874986661,0.1267453926723161,0.43695452263739837,0.19708758350100472,0.34428821715218977,0.24958192864646203,0.4088059291328299,0.25591765451559406,0.11688383907145805,0.08659549360288754,0.05122405751925722,0.317240442384829,0.4220896082028734,0.30499782825105193,0.3192676048146011,0.2117968229918778,-0.02824270866357226,0.4495461989525608,0.48181324099687517,0.13510019349747585,0.3187876211238403,0.35294157202645926,0.6011665014339755,0.23235357138516044,0.4835126569970238,0.4153241214932837,0.542300611027025,0.15853602367351596,0.45967712723069737,0.09914465396805722,0.23473411270230893,-0.0415177373741233,-0.15891141157883257,0.11513376523602915,-0.04971711911917184,0.26086361778512046,0.17020283280041157,0.16587051694025723,0.2261660368294575,-0.04739317084162795,-0.04772109569291926,0.10536831720822493,-0.017162438991049404,0.10561796226012189,0.062419422577449424,0.09357252265923716,0.03240689607572565,0.11108638290313746,0.1473320778628418,-0.1595429267546385,0.30804306506326146,-0.015354714152939977,-0.24385437196516913,-0.03889877959124726,0.1134789427645311,0.17920863287769428,0.39557554777688336
Frontal_Inf_Orb_L,0.314538977010805,0.22637667102774026,0.2559841946476008,0.22665668167622546,0.7381336925012687,0.666218638619056,0.5518591830921431,0.38298562085344307,0.4971741145010273,0.576264461272216,0.3897868385900888,0.2544439647588628,0.4385463421246284,0.3978451076344181,0.0,0.7400417743175026,0.12332013103446725,0.21783626100797315,0.27569363832409716,0.12644789968256523,0.3283881582405133,0.271537013493673,0.30940104825759596,0.03186279165251908,0.44027950977362873,0.27802244784600555,0.6370642759619104,0.43920585677381224,0.28101062981338865,0.3513816634624673,0.3412209814263538,0.21403044359932513,0.34440051233037794,0.28525806188569297,0.11293036553500015,0.1036866666238103,0.2571568778714496,0.4070499347762652,0.45161280341438337,0.31879529474340224,0.32044671432258126,0.21699888908791246,0.2757612690709268,0.15537656643728248,0.10675154293190012,-0.02227965764299245,0.2569733527486985,0.2099490340908045,0.05085421353533262,0.039550177781711986,0.17906583276822718,0.11034898169238927,0.4863996172933841,0.41933179211823945,0.6318424521329683,0.5263881428500826,0.14921073874140742,0.17024938371262982,0.18703425747936936,0.10758443062771457,0.42308960311709914,0.2854997084882509,0.5155944433770473,0.44849262001015516,0.2930285647968087,0.2501519662699514,0.25293128341958193,0.05908150456158103,0.09890401515308932,-0.006505600916676762,0.5231251610358422,0.5711284954837583,0.2989345344119376,0.26694317549784474,0.15242328456795307,-0.19938196569545397,0.38671943171182177,0.3947111268033125,-0.02115536851381453,0.0966729507456947,0.49565076899866195,0.420654933346298,0.14712418950351078,0.27401445436585337,0.5915922875369475,0.5386915822260678,0.3409047485999756,0.2885715632758486,0.5961681012001272,0.5080940856054427,0.29176220302328315,0.20623161405336077,0.506817762287785,0.5117030038243547,0.39538005745312477,0.20273714958994477,0.27746877452767155,0.04486562001482462,0.2566380790920887,0.2338400109626692,0.46440676530754066,0.5219192081746556,0.49944765356508786,0.5315638222879724,0.39664309268431985,0.4632875442412467,-0.004078490792711279,0.010647608147886062,-0.38759518997189735,0.3171865420119933,0.09651818907902668,-0.0029380467155336516,0.41213571277908156,0.4727260408555789,0.5678242134595364,0.44894924823044063
Frontal_Inf_Orb_R,0.11901533906353141,0.12942321133036022,0.10063342154253083,0.23290723087778828,0.7363335401170443,0.7326871071851851,0.3385631793765073,0.3712934600953543,0.436886008753182,0.6653576962997468,0.23624278269967178,0.27899874426598575,0.30450836857514735,0.4422745197246324,0.7400417743175026,0.0,0.13493249651124908,0.1716559469383498,0.14234115860501517,0.10941535023930694,0.3172518292803415,0.44405656659683884,0.1696623999697916,0.020572880774879024,0.3849502218232508,0.3096778208612505,0.6662461725406832,0.5392645604576054,0.2307709663172029,0.44544195265685127,0.28176749170851834,0.2372706818331266,0.20594950027525613,0.25363712192157545,0.08635219707542253,0.09843847757436508,0.22901501667191865,0.516099979583906,0.3695425239235646,0.4297759453146311,0.44805779520301475,0.3452030706698379,0.14705004037461997,0.027039994786477166,0.0680996370030562,-0.10466687667029961,0.18886818295185812,0.10216919879734251,-0.030589672781746582,0.003739345575559335,0.09362553392928351,0.06535844503468881,0.31463618001813126,0.4135766495667071,0.5355193789953604,0.5402546481522736,-0.02573109959649068,0.0013224220637561529,0.01152213855146017,-0.005093062026770962,0.17558481022816133,0.34594961627786136,0.32807370200609126,0.39766764269611343,0.1440993223848536,0.25675694812419275,0.13750128669004985,0.029792896189745257,0.006746495630745368,-0.10670809648198276,0.3868169098716696,0.45536445973178874,0.2759962734287983,0.2964119902016837,0.19492876201864917,-0.1734172340297765,0.2707207591631374,0.33169890467377766,-0.008565217393901306,0.11717623244478367,0.4292416824998828,0.37043558357170026,0.2211086466267145,0.28758480460438324,0.429861092106409,0.5350479716795788,0.41230588265184565,0.43473369177880467,0.5537268142858105,0.551834323751543,0.26647985505809074,0.09577724505040233,0.5164328545561206,0.46047989659867894,0.3746302213977515,0.303428024584097,0.22153248120265523,-0.006754763704881629,0.14302219685733142,0.04181490945856685,0.44484723232461443,0.5336034195273079,0.39000071841724543,0.5445197991142693,0.4699706384439921,0.4446742529748331,0.04165192830298413,-0.0746479668376664,-0.37061248175756145,0.2888946104335854,0.02149504235779736,-0.03821103725323262,0.40123785938928086,0.5759222042315597,0.4763095313767128,0.4753276246877524
