,Precentral_L,Precentral_R,Frontal_Sup_L,Frontal_Sup_R,Frontal_Sup_Orb_L,Frontal_Sup_Orb_R,Frontal_Mid_L,Frontal_Mid_R,Frontal_Mid_Orb_L,Frontal_Mid_Orb_R,Frontal_Inf_Oper_L,Frontal_Inf_Oper_R,Frontal_Inf_Tri_L,Frontal_Inf_Tri_R,Frontal_Inf_Orb_L,Frontal_Inf_Orb_R,Rolandic_Oper_L,Rolandic_Oper_R,Supp_Motor_Area_L,Supp_Motor_Area_R,Olfactory_L,Olfactory_R,Frontal_Sup_Medial_L,Frontal_Sup_Medial_R,Frontal_Med_Orb_L,Frontal_Med_Orb_R,Rectus_L,Rectus_R,Insula_L,Insula_R,Cingulum_Ant_L,Cingulum_Ant_R,Cingulum_Mid_L,Cingulum_Mid_R,Cingulum_Post_L,Cingulum_Post_R,Hippocampus_L,Hippocampus_R,ParaHippocampal_L,ParaHippocampal_R,Amygdala_L,Amygdala_R,Calcarine_L,Calcarine_R,Cuneus_L,Cuneus_R,Lingual_L,Lingual_R,Occipital_Sup_L,Occipital_Sup_R,Occipital_Mid_L,Occipital_Mid_R,Occipital_Inf_L,Occipital_Inf_R,Fusiform_L,Fusiform_R,Postcentral_L,Postcentral_R,Parietal_Sup_L,Parietal_Sup_R,Parietal_Inf_L,Parietal_Inf_R,SupraMarginal_L,SupraMarginal_R,Angular_L,Angular_R,Precuneus_L,Precuneus_R,Paracentral_Lobule_L,Paracentral_Lobule_R,Caudate_L,Caudate_R,Putamen_L,Putamen_R,Pallidum_L,Pallidum_R,Thalamus_L,Thalamus_R,Heschl_L,Heschl_R,Temporal_Sup_L,Temporal_Sup_R,Temporal_Pole_Sup_L,Temporal_Pole_Sup_R,Temporal_Mid_L,Temporal_Mid_R,Temporal_Pole_Mid_L,Temporal_Pole_Mid_R,Temporal_Inf_L,Temporal_Inf_R,Cerebelum_Crus1_L,Cerebelum_Crus1_R,Cerebelum_Crus2_L,Cerebelum_Crus2_R,Cerebelum_3_L,Cerebelum_3_R,Cerebelum_4_5_L,Cerebelum_4_5_R,Cerebelum_6_L,Cerebelum_6_R,Cerebelum_7b_L,Cerebelum_7b_R,Cerebelum_8_L,Cerebelum_8_R,Cerebelum_9_L,Cerebelum_9_R,Cerebelum_10_L,Cerebelum_10_R,Vermis_1_2,Vermis_3,Vermis_4_5,Vermis_6,Vermis_7,Vermis_8,Vermis_9,Vermis_10
Precentral_L,0.0,0.43636609271941246,0.23144405584077224,0.0734228238004484,0.06948259348446534,-0.009424340214238892,0.14985187538885364,0.09564586474782855,0.1921184998861039,0.07229904276942739,0.5522611468270833,0.3428677146244399,0.6287726044981056,0.42625263954248105,0.2574889502738239,0.016933147959415248,0.3128731647563055,0.42506922170682016,0.5990167283483695,0.36634974026112327,-0.08900619913994084,0.011507466543295243,0.07272994475787548,-0.004454119376974693,-0.057069225742119506,-0.17249874054761616,-0.0039048316203454305,0.03859765816153812,0.12337091196718925,0.18571318704259188,-0.2034255311006119,-0.13123354137026233,0.2680711583508225,0.024242680495896625,0.0438935183478281,-0.07295418218626885,-0.1445497937437784,-0.17992852434875253,-0.1644377479556992,-0.16267584864369747,-0.06544130341096169,-0.11439939594799199,0.29322040072358463,0.2855450924005962,0.13546309171989712,0.11594664015215068,0.3016264261521737,0.2640782749056984,0.269222276308668,0.26452612605409515,0.3622944220105821,0.2504558994019651,0.38025054310323425,0.2906386851517018,0.1408148852923379,0.09074680371179224,0.5403327186606001,0.44732510174073437,0.44918101687320594,0.22472497484011855,0.4850441245139641,0.08888637514744273,0.5551059337173474,0.2142879713100023,0.10404306604558938,-0.1521674247216302,0.06577754776439873,-0.07746117587360678,0.5055205382893811,0.31488043505099983,0.19445952605593556,0.2621282258489282,0.20832129270624447,0.19487121600146529,0.21411319743497334,0.11379602268473432,0.4211180266659445,0.3238199052855082,0.15560511318454429,0.1834260393179607,0.2887947994426392,0.2517497961824156,-0.14991759808686048,-0.08340328000977251,0.21831615005144975,0.028505751066637976,-0.11191244374724843,-0.1290680937657504,-0.006746709498600436,-0.046243057761063966,-0.016845103252257347,0.23956740153123007,-0.10019502765718093,-0.031179295783568303,0.09972282043724737,-0.05494908378988419,0.11420337658694296,0.19326473748009007,0.2159300949359684,0.35712740927351266,-0.19895574685890433,-0.14448380086844098,-0.2080699472939432,-0.14285283968766394,-0.24687123851454962,-0.1340890101472526,-0.10051314033884005,0.09299263982826782,-0.11587771416282613,0.012977558921158212,0.32290894789354835,0.3952889270734711,0.32810743656890845,0.15196265140124113,0.1885241104894646,0.11300646930572031
Precentral_R,0.43636609271941246,0.0,0.11417880899514175,0.08574634524951527,0.12014857480064726,0.13128446711768404,-0.044218636084457114,-0.08270124869769005,0.10869032068158876,0.06413809895509218,0.2584149983849759,0.15741831723415758,0.09374487424705155,0.10687718391717026,0.14125607790431358,-0.018820473004729978,0.3462677441196622,0.4468333510312012,0.3746284965373202,0.3958965722764018,0.03177824076389021,0.10874234915730809,0.1151608178842639,0.06502834358387338,0.03644526448859081,-0.2123175767941366,0.10104419492647303,0.1238595191719385,0.11023228189486106,0.18539087539165938,-0.09973821841355308,-0.14335412497225922,0.050454064754449926,0.005920196848549986,0.0020900627188282983,-0.012281817937097988,0.10128866000048584,0.08093700543989878,-0.0664839826068996,0.06687801617193731,0.09366628133667873,0.06804117471079904,0.05763312237453061,0.1247578941182853,0.05626745884052171,0.09751016279129497,0.1563682033646699,0.19805143228230954,0.020307172510342496,0.06640984556814292,0.15403758399346684,0.05660913023451735,0.2991766607467305,0.10072949606936167,0.09272478532053816,0.17737226126516684,0.47381651014222076,0.6369729210558442,0.09268069540886287,0.09090706952282462,-0.046586309218680975,-0.13106871450634008,0.32321940198638505,0.16788635746590816,-0.12492990928639529,-0.2627004130587852,-0.08981475986066915,-0.10316824709997423,0.38810535146634134,0.44142122805493345,0.11762990484860353,0.1825565833237974,0.20968655009050366,0.10403204148313755,0.12815797023722886,0.08618283031293662,0.26710975840653095,0.2652697597706143,0.13388949718138207,0.12488938464282127,0.2814281256283947,0.29930289684738004,0.058467550184855055,0.1427476714403848,0.1788822243361574,0.08486907510587838,0.06038909435070516,0.08735775847928365,0.028373791521360915,0.025553549969092176,-0.16244354372373945,0.07501739853856389,-0.09998953433523086,-0.0164306496387191,0.03310776882444998,0.04908244756036898,0.17094303719225967,0.00754520672736406,-0.008317129132037356,0.03455031084488281,-0.19573064462771642,-0.03750998016185127,-0.19586639767687758,-0.08386685295556542,-0.19973203593987748,-0.0474677234369643,-0.2619576769002545,-0.10044110984387894,-0.0836327567076032,0.00787963125066967,0.17663233869757355,0.0919475970965528,-0.03202482259140584,-0.11759019002390939,0.02646996152769835,0.007690661524165518
Frontal_Sup_L,0.23144405584077224,0.11417880899514175,0.0,0.6406491753207976,0.07783088264074332,0.07967983935701883,0.6255293472804508,0.3916674550543094,0.230225588345006,-0.008489823288288347,0.1680438981568454,0.17959240607430318,0.32457964172895465,0.09364870825026733,0.17610998316201804,0.00877965429039078,-0.018862332250977137,0.03804423422372442,0.5019245450074159,0.3709707015560395,-0.16179252828210788,-0.017610406779931538,0.6929568606155145,0.6601247473854708,0.4675137625993162,0.3842639635695294,0.055090160333127344,0.030120463895594772,-0.07673398483023919,0.03568423224722183,0.27974591411786465,0.3351883917088706,0.35154387079594207,0.2191715745148552,0.3098889171975326,0.17555443222243797,-0.08257851791061739,-0.10523114703281285,0.053178180549525306,-0.10862309586196882,0.019735522686424575,-0.1605472206359476,0.29019636705534635,0.18761320938328604,0.39874562880077347,0.21804631867181873,0.19652993040818714,0.19608381999925092,0.21947976383518059,0.17911820879621002,0.271071314976838,0.29515630674517557,0.1068061941364021,0.02292670459956828,0.13950694574537323,0.027720394696195992,-0.007759285476197744,-0.001078489284803361,-0.04147648344578402,0.04562451473962461,0.185336378377987,0.052003009368412886,0.037330399046177354,-0.15574414750987,0.5678698028449912,0.38214175847521914,0.3694012497647643,0.15394219299399783,0.10853875854680187,0.05713694909721691,-0.009152352187403864,0.16267352352389486,0.18179058279701749,0.11758299664667039,0.0693178010735114,0.010350890521486843,0.23063786135070627,0.24755373146075352,0.021778358587239293,-0.01619557630096747,0.10271809628330111,0.20013006464596836,-0.06388125467131617,-0.085430517671044,0.20821806581380292,0.13489573469263658,-0.07836330270707134,-0.05676621828767352,-0.041574180447596594,-0.11996884983672434,0.10814115718495204,0.1961585865597337,-0.11142091132100895,-0.04877073787092351,0.011876207456888888,0.007339754944279895,0.11998917944753583,-0.04445748115352935,0.20280774490532896,0.20977777025660468,-0.15313537260107804,-0.09266795326334772,-0.1232734283857701,-0.11481956444304278,-0.07495305269301623,-0.10753120078475001,0.003928677124341466,0.05792952018147986,-0.10577960181328827,0.12592154209298037,0.11144134154482659,0.07226803360919001,0.16380742773660248,0.034934908073265,0.2237756285675152,0.038125855189238146
Frontal_Sup_R,0.0734228238004484,0.08574634524951527,0.6406491753207976,0.0,0.18848355054135424,0.1483448836440721,0.5423374386458377,0.6019983390057223,0.2275423902729414,0.1810142286629163,-0.06534911036193192,0.25188475021409773,0.06320378506054741,0.11784031516783407,0.07066978261224956,0.08924339316396789,-0.13892764174217556,-0.07110782243174485,0.42646452121342543,0.4569781954875105,-0.10377595966521234,0.10391993255477919,0.6202216204835652,0.7174754510519978,0.2476603078441503,0.3158445313626563,0.17439842743149592,0.1729576236573111,-0.11895697950625472,0.01025093481511768,0.3202187975955245,0.4056469254355448,0.353751693022467,0.33132180340300005,0.23820340036626353,0.2666519148481187,0.04099690454660841,0.01754208269584998,0.2114156186919244,0.05747962762814653,0.05996594596786432,-0.12242214066618068,0.2813656947550042,0.17575877427607836,0.36560739432470246,0.2818790286609037,0.1901788815850552,0.18860701972968366,0.16927709995008242,0.11533218428333948,0.26276795994411445,0.23942786804202562,0.07275941502337144,-0.05519017109909713,0.20586380490337727,0.0854766168962563,-0.09381196974314088,-0.0591864639119349,-0.11588858741080516,0.11339111546655922,0.04729281054958126,0.2676035724467512,-0.08422434131295319,-0.009461915526926847,0.4268011545077833,0.5211663415932805,0.37588030905592895,0.2934602371476855,0.1060008430217318,0.036326491822795834,-0.06457049335552001,0.08418910355413246,0.10965689545184902,0.11701901834333883,0.07025229785926927,0.015453154999613842,0.16106496583914762,0.19484033912404838,-0.09936335816727614,-0.08688656672682529,-0.005682057167988538,0.1489405816137094,0.042264225902415416,0.03194289146648805,0.13183566566387575,0.3435746734810338,0.030242252516381567,0.08787119368823607,0.011401100459316449,0.007433853657459709,0.21044755538838872,0.12878726581752217,0.011449094125868491,-0.04025978069114388,0.06306714510583923,0.12311596460393831,0.10829422895829237,0.0721418040464825,0.3092732903587624,0.20504278137218138,-0.08338928421679025,-0.04002011613332363,-0.14887703465249089,-0.15562239231040373,-0.007688226401787286,-0.05844101345082904,-0.06926832337689386,0.0026276285345185864,-0.09249006380941095,0.15403537150859895,0.12030980889506412,0.04408576148087706,0.15379002932397842,-0.0007144216764362896,0.12252422901085552,-0.014360546017605865
Frontal_Sup_Orb_L,0.06948259348446534,0.12014857480064726,0.07783088264074332,0.18848355054135424,0.0,0.507140263276803,-0.0016153727568407044,-0.02500522224886062,0.5947482184964775,0.6890357289841247,-0.047225068958362974,0.0026455167321326974,0.07753470225442047,0.008286613179476005,0.4851639775011934,0.48555060025351576,-0.1487979412664416,-0.01497208787551139,0.07978021507320086,0.10714504167756553,0.4027904276055789,0.36635586678753024,0.1164552564665015,0.10285946467588408,0.07874951910367857,-0.15840377007840264,0.7131460205486494,0.7003818198595272,0.1401977630775873,0.10942054595731167,0.19178494435260635,-0.000921060075014946,-0.03789688711658149,-0.07255460913902996,-0.049490315058295764,-0.03035652787292033,0.3369885954461672,0.18370017651881762,0.35442219013687304,0.384304366185528,-0.09031946498300938,0.14103359833523904,-0.12284411097198827,-0.08433071163915132,-0.07935087771115336,-0.12188330605241776,0.001522495008700963,0.025167847464513993,-0.08341200998747487,-0.271058891668333,-0.0011251455384024495,-0.2694919890255551,-0.06108956336160182,-0.2045548539307829,0.11027253534259311,0.15878148360426497,-0.03486918286456113,0.0802532359633928,0.044093925112192435,-0.12419481584259738,-0.012237324518925606,0.04128090877282915,-0.11625965353149859,-0.0019842174786729246,0.07285549007190598,-0.05752511703803098,0.08922006637013964,-0.030274733189885588,-0.05586871779095318,-0.03991610349128125,0.08756737883633127,0.25693327830552937,0.10349551465369758,0.053472242297904614,-0.1506082384287776,0.13553997225890121,-0.13057076723506605,-0.12384669139200709,-0.10240884371807454,-0.15021643396954198,-0.12191678012894105,-0.1470331995426579,0.5414715421793792,0.45142656632553224,0.2666836100824024,0.11482602890557177,0.5753713280362593,0.5290745490202509,0.33183754296679213,0.24735766936660883,0.26848646416348987,0.2301342918844931,0.3620765979104288,0.3463379266504635,-0.16533464423911154,-0.06003347600060799,-0.07712130150120719,0.0029664950612357586,0.07977301318727564,0.0021486634163585205,0.12426533890152087,0.2726106705068357,-0.1920849598566372,0.005537278687413418,0.07313637955060333,0.22818917651485027,-0.44986823359901934,-0.5093075837401267,0.027944455715817242,-0.0580311952902291,0.04307555117727337,0.01309480685232351,0.13923425960299934,-0.10698924779389599,0.1318768268763978,0.014832960644558123
Frontal_Sup_Orb_R,-0.009424340214238892,0.13128446711768404,0.07967983935701883,0.1483448836440721,0.507140263276803,0.0,0.017069793118889013,-0.01295044096876629,0.6121475185348232,0.5376484667595163,-0.1329477049345109,-0.042898659021998735,0.04131645517724831,-0.0806141878895239,0.3777441936860192,0.4088584072752449,-0.12231894768655882,0.025864273295804516,0.06348394548703086,0.16271007007308244,0.3994193355923842,0.21213327535561055,0.10674436321057555,0.11931593186770782,0.22045143884618734,0.08424102876220625,0.4261601194010974,0.5248523620796243,0.17598832694036057,0.12910660183432174,0.27914438108277717,0.06790320309051667,0.018264491484471353,0.026179304298726214,0.009349117682759474,-0.022079030659824198,0.31671666848902763,0.12552215560947974,0.19159565782563776,0.26844015720967696,0.02420906905595042,0.12102750909465747,-0.15606195585370808,-0.14115055793138878,0.025478663449014408,-0.04825264385418369,-0.07035704523143364,0.009754222589050234,0.01942851173398021,-0.13958239128249703,0.03388423248143882,-0.18903220268487658,-0.17112837212357468,-0.4195749869596756,0.035591853380295,0.027119321193675595,-0.06693429413289197,0.11534143261881165,0.021787447238711104,-0.09830012372935196,0.054272951141796255,0.04936113275374539,-0.10493101304095595,0.030403275801309748,0.1462235042694559,-0.002086418592973643,0.062301408310219304,0.000788666445979761,-0.05594321321426496,0.0043044411949462015,0.09477628833296355,0.23026954525343876,0.0797704023904304,0.036357849492018424,-0.1875390262468414,0.08264520263763303,-0.01587607793325531,0.0011897606074605925,-0.10383997127920175,-0.09559323276038552,-0.0971483280447748,-0.11695898970278203,0.5350117716002082,0.44657533124721366,0.23081403318063515,-0.019069619486332172,0.5291503303807642,0.4147581280049735,0.23138644670054906,0.04748921204114376,0.11417678832813562,0.294622669041409,0.24654557125040083,0.2759648515128193,-0.17244803580585416,-0.11454302807965192,-0.059381915383294695,-0.06513848867020926,0.08844704901064729,0.003828149796743725,0.045669493449735934,0.2398032468592146,-0.09716041869021587,0.07266811652930079,0.1155564461809893,0.274623191412132,-0.38134259667725284,-0.39837334116623885,0.03752933011967123,-0.10079208180118246,0.037269540562545486,0.01367032337322586,0.146268056335436,-0.09160038677749392,0.1349307201679027,0.04219599973469878
Frontal_Mid_L,0.14985187538885364,-0.044218636084457114,0.6255293472804508,0.5423374386458377,-0.0016153727568407044,0.017069793118889013,0.0,0.6845849215631042,0.13126992476841934,0.011036251329047201,0.06727717471391949,0.3000290261891629,0.25832720336289816,0.16339925307883094,-0.06572927349293811,-0.10058332493077012,0.031399377153614474,0.07160564689048043,0.3845867484295138,0.28754548508898037,-0.13647777772021372,-0.0945233781416629,0.48730924605654813,0.4230643770976409,0.24531976915709935,0.5084204111069885,-0.07060165262274296,-0.07381384713705673,0.05897925365006033,0.05281864431025281,0.4478497908078839,0.5179998676172008,0.5539440425849038,0.4794113682283611,0.36760982420122384,0.40946437877688946,-0.15363421045579528,-0.11552722409036417,0.07888861074695527,-0.13425280618725308,-0.011656659645411247,-0.2829022153101553,0.4240092714376183,0.2960977973904923,0.4683295670615675,0.29224181884716877,0.28271433381005895,0.18648402747524317,0.31489778353984865,0.16588476997445273,0.3608240621493751,0.3788746510839746,0.09310228646044802,0.0842563868598374,0.15021170538959314,-0.05152661222691986,0.020312230540476615,-0.009204160581293296,0.05636186667412498,0.26148469922055745,0.28859975818118544,0.23843288143094782,0.049730435085491395,-0.021738671467488573,0.48189318612979354,0.4931173721519762,0.63556115608751,0.5019649665409357,0.054586103667808944,0.020978698808211745,-0.0910405913960774,-0.00549361769981815,0.0527203773143979,0.08821375124064053,0.05548327341952176,-0.10238210275837152,0.24512728958430843,0.3352209100925285,0.02103950396917811,0.08166760098353464,0.15554066622663357,0.12612569430916828,-0.18008327083865772,-0.2601958197553691,-0.12761427798112407,0.033906299161554285,-0.22690642350182244,-0.18635236121955218,-0.14386732644971517,-0.19376172361684885,0.16141643605697173,0.18270404749459845,-0.1558482288761333,-0.14115213402172694,0.11290365775383124,0.04522369341408484,0.23377791889959726,0.06619858021217255,0.3533277397886662,0.2680666777796281,-0.21543917788434808,-0.26312401705171706,-0.13483360578325665,-0.21624344578259916,-0.020917801306691675,-0.1353360617053534,0.13431954727774245,0.28526153937418425,-0.015060967237304386,0.176134939742113,0.09211615565172533,0.11892650949323835,0.22301077684793952,0.13244132933009692,0.1565294427680547,0.12432453322539967
Frontal_Mid_R,0.09564586474782855,-0.08270124869769005,0.3916674550543094,0.6019983390057223,-0.02500522224886062,-0.01295044096876629,0.6845849215631042,0.0,0.06511005341389915,0.09692009432326679,-0.13035729468109203,0.3928706758923771,0.1579683882930102,0.29963098569640356,-0.19479124534286876,-0.06666102276322096,-0.05050960110017081,0.04795015315106364,0.2945220409290538,0.23606995705392683,-0.16379969175289927,-0.05323169000406285,0.3725098863578475,0.3944783014073678,-0.006237784362183512,0.4364349856341085,-0.13877120421459108,-0.06823221061946604,-0.03628815192661304,0.06456296755095646,0.40451646461944707,0.5630015721875465,0.5597983799590536,0.5860579505957333,0.3484167268574428,0.47612017725200745,-0.11983088467120563,-0.10422170683610443,0.08282942204150791,-0.15816122273092345,-0.08088649466362273,-0.3030229916941601,0.5228155003779956,0.35614681046042923,0.4748849309349674,0.3616842685114784,0.3719972471282952,0.23690403244778915,0.40277196492300227,0.26231473115145565,0.43895146557808407,0.44641980487657656,0.12885527783044445,0.11839782263631643,0.17337460504186625,-0.0349319611792425,-0.016621056321184532,-0.020269858899340444,0.16254795349154796,0.4189308062509385,0.33094385328433085,0.5088191483427207,0.012020417291089677,0.1640011555710597,0.32481805755950877,0.6020425986936688,0.5986188721266041,0.5877952693194097,0.06037900935202238,0.012535175751441755,-0.17480294300112506,0.007425255697842852,-0.04684808403706747,0.037524950582070726,0.05869182760945044,-0.13014633040442597,0.2207696282772259,0.32385418313445014,-0.05177919371483215,-0.006265395219565447,0.11051273757881962,0.14906247783678686,-0.22264480610658918,-0.26156861768959644,-0.20047005465364548,0.18650772423976753,-0.23598604048238547,-0.19281867824957666,-0.16200042594814046,-0.16947782252882398,0.2237485890856488,0.07688332231673121,-0.14018059602450386,-0.2360291539575705,0.14958384260334748,0.1260963677355759,0.20734171106336816,0.1820666032191553,0.48415964659891175,0.3494743219011003,-0.15035843243829766,-0.26099145788350847,-0.11299756226940111,-0.22819243735476538,0.023251361998046456,-0.0970554555320857,0.18398054702211605,0.3322077961273185,-0.07048346978311201,0.21593004239366437,0.20470624564390572,0.21254979381076713,0.3189830490960349,0.14161638974053745,0.11536747429038886,0.0016549380482314368
Frontal_Mid_Orb_L,0.1921184998861039,0.10869032068158876,0.230225588345006,0.2275423902729414,0.5947482184964775,0.6121475185348232,0.13126992476841934,0.06511005341389915,0.0,0.690216600010521,0.08634062569127014,0.041822576572675726,0.3369247244490619,0.11793081438888844,0.5096612695169309,0.39794703857597963,-0.2584884088556999,-0.12179424118024358,0.2113666522833006,0.19711449765037703,0.25488202004029076,0.31279139243564635,0.23714144594963954,0.1799998763615808,0.2329002607873754,0.0037881076565788514,0.5792648277725377,0.6126139601996794,0.13535893261388796,0.0590877658296271,0.24923395061244952,0.08110417058260726,0.049974141845823515,-0.02054234067025999,-0.013278165181992633,-0.09331009491372197,0.27503232440797953,0.09863488769925727,0.14486985353109444,0.2090758226942344,-0.06325310346327462,0.09944476510405603,-0.06326192517584593,-0.1106589059872186,0.013749534175061409,-0.13714418338595985,0.003587336643203926,0.04967010194227648,-0.037463696602667185,-0.22922517448010024,-0.006709265637785919,-0.18337237571148882,-0.10504377259288428,-0.26949039011921644,0.03732674069744652,0.0009769170906938976,-0.12472240143938161,0.08838821173671954,0.06663882936797148,-0.11572243986671879,0.19644557503213597,0.18584001714441642,-0.10592259832278302,-0.09876264404129162,0.2818575962294037,0.056454131254368295,0.14596311131591355,-0.07709699176026422,0.01871999262420371,0.042792519105192536,0.15420998091786503,0.30152859991338593,0.03848977647806419,0.002085741223566962,-0.20086393930213314,0.09643568600237958,-0.07665593520896974,-0.053041367410722504,-0.12001205175079757,-0.10242743078874834,-0.2024022405903794,-0.21928170607464795,0.44502459117312837,0.4016278330632667,0.24263043115627664,0.03213095088040086,0.5248192892408062,0.36513296833379266,0.18728064047687315,0.10179408563332107,0.2542052543183245,0.45122243849526217,0.30225123536358617,0.3338940284117064,-0.15809603319192836,-0.1434403690029126,-0.12740914175693027,-0.1456617248982099,0.07638985633392287,0.047931681187260135,-0.03352285681313849,0.19838276728851317,-0.3089630507964301,-0.11401670506015156,-0.04147989336301806,0.10560179739461778,-0.4542612672314273,-0.49234073895937996,0.07327975887479597,-0.08088006839640642,0.05112736549590553,0.06177317707278167,0.2900699987266543,-0.025223055371502535,0.24787451967649224,0.10959522358126073
Frontal_Mid_Orb_R,0.07229904276942739,0.06413809895509218,-0.008489823288288347,0.1810142286629163,0.6890357289841247,0.5376484667595163,0.011036251329047201,0.09692009432326679,0.690216600010521,0.0,-0.11098458638394675,-0.018858506281514937,0.14608887578312257,0.10599729367712964,0.41718286512751857,0.4370161649544486,-0.32396629288276496,-0.14771922088149977,0.0408165889693318,0.09819975517471569,0.3515853982547973,0.32931003518247043,0.031301661335331035,-0.005305017956233745,-0.04232486796052687,-0.14886257621767784,0.679988407996155,0.721057499485954,0.08169944198457044,0.06736728019545878,0.23990628635276645,0.08068806734409294,0.0016714162658003557,-0.016327408770415247,-0.008325417666988428,0.013283612270952778,0.34792978384751244,0.1936046549530061,0.32179721774939973,0.33953319868182025,-0.13452094925104774,0.1040633390715137,-0.0628157095000863,-0.0770872383051241,-0.0407565120840652,-0.11407846218792274,0.008717454234264132,0.029082374233756498,-0.024729872798838436,-0.25619838868825057,0.05874898324110809,-0.24662405814489444,-0.16511946287130266,-0.3088730541945315,0.06141264581884863,0.11468390097274626,-0.15520698916531017,0.09020024515821462,0.09892250705690715,-0.0608941925626757,0.13131549657793115,0.26992568748834017,-0.2345621358288473,-0.032288571270623706,0.16829953381794457,0.09351902601638534,0.17377778795032356,0.04626961556488968,-0.023713610417738056,-0.025508454562808057,0.048995795459453866,0.232029986843783,-0.012408378526076303,-0.05497006437561846,-0.23435431716083366,0.03200718887626432,-0.1948555052011069,-0.1123686420486076,-0.21966017514092268,-0.20319097546343748,-0.246369662269067,-0.2533900807068454,0.5349321386011047,0.4599013111922141,0.16560432463707758,0.11057507991542394,0.5781839969489035,0.5306691586341624,0.25507735853004515,0.20022517332684875,0.27482442776125077,0.24022527636846372,0.3301971907463213,0.27791818591432077,-0.099171902740612,-0.07676570527963736,-0.09589670598076293,0.01734191997111057,0.11932752022533187,0.046218353924122976,0.07973361935041323,0.19696034555203232,-0.25317739370787296,-0.06277652795210613,0.09752483813645373,0.19798448640959043,-0.4345809577769932,-0.5151343756984714,0.11939039642499859,-0.07184290346807384,0.11589029481386032,0.02714914901243169,0.23984485233866767,-0.05263423036470773,0.09925916775070696,0.0515134222685033
Frontal_Inf_Oper_L,0.5522611468270833,0.2584149983849759,0.1680438981568454,-0.06534911036193192,-0.047225068958362974,-0.1329477049345109,0.06727717471391949,-0.13035729468109203,0.08634062569127014,-0.11098458638394675,0.0,0.4458202182950003,0.584302843023134,0.42872091706993803,0.2360281499674121,-0.028396645767272907,0.29633893330054367,0.2222611014221909,0.3890398335148061,0.16512060343114995,-0.2193556230063415,-0.17818399022482848,0.03385022917108872,0.034361488103159664,-0.10331823878441611,-0.2385667325874602,-0.11573208564376614,-0.0910486599296693,0.1375004722870698,0.09312699706038845,-0.3603032027190311,-0.31839251732118884,0.044155740751497925,-0.18075048404126173,-0.199546548720651,-0.30294293434307956,-0.26719626928022444,-0.20257982827660398,-0.32169909773592453,-0.267422446010553,-0.1738599611920443,-0.1576572538553035,0.06527999877492105,0.041950579730847,-0.08139346632546075,-0.06753452493191996,0.06813514049236838,0.03920418447891463,-0.03832664730795456,0.057322174535723885,0.02118357394733004,0.09250395763405556,0.347944275706719,0.2413256897321444,0.14410284158007225,-0.019784096345146843,0.3162384804597858,0.23774566530372843,0.2162798437439046,0.08225490185325088,0.2625623476122848,-0.09131987421943218,0.4532715039919682,0.03822270214179965,-0.01762712860772079,-0.2832108326290916,-0.15393825687090626,-0.26720102156577047,0.23026361806882023,0.30066593103528927,0.2605527844228094,0.08348903958169472,0.06782292936233894,0.10202823225614573,0.21268267781895278,0.12120134134986914,0.2292244028961491,0.09603310411459409,0.1693368486203358,0.21121729726208713,0.15575544333060323,0.2109146976908418,-0.1980370941666478,-0.1714165548904418,0.18708813098226185,0.011573546076758057,-0.2006569506712646,-0.26886162091685445,-0.04929991717286425,-0.07396296151968954,-0.03728469168880424,0.2519083870799219,-0.14485132432721645,-0.037847639646526,0.21852589959619642,-0.13952540306784392,0.0007116190153159533,-0.01969838951457311,-0.03299912335819126,0.07865697045897345,-0.2816119960971536,-0.20020599507713271,-0.2906873596771088,-0.2509175262927541,-0.44831709208869464,-0.3436954694862106,-0.04744395788798483,0.13454038018000217,0.05994032789569862,-0.006461924657138018,0.052211141415057005,0.13229181768436157,0.06947831314202929,0.07877563643477241,-0.049702621088575726,0.025867634484655462
Frontal_Inf_Oper_R,0.3428677146244399,0.15741831723415758,0.17959240607430318,0.25188475021409773,0.0026455167321326974,-0.042898659021998735,0.3000290261891629,0.3928706758923771,0.041822576572675726,-0.018858506281514937,0.4458202182950003,0.0,0.31952366898306356,0.6177588914269353,0.0008373371762755084,-0.013099369959476819,0.284000454622627,0.321633108679201,0.3643965871318854,0.21155179496473403,-0.3428947230488799,-0.3163033841582639,0.1831111420604655,0.268436171073415,-0.18704012157405583,-0.07993718915632254,-0.16328845780958418,-0.030672061202029872,0.06686704307043673,0.14367111076351427,-0.09402860753022185,-0.026999968028008345,0.28674046873669223,0.16471389035852052,0.027159966586571455,0.05708580656716128,-0.2820826525965453,-0.17529751093915205,-0.20631714017980807,-0.3311758569052653,-0.2537465448830768,-0.3674871190573748,0.31330718871068985,0.2072659275956018,0.11275091837544403,0.10643375293929497,0.23401458136511216,0.10153861608459566,0.0874790807365537,0.12202351082940428,0.23715040404028384,0.2741389219056667,0.42768347783280175,0.29841107628067737,0.177434359991955,-0.05998919077739927,0.28768672669239304,0.22545436449844228,0.1504815454696888,0.2568949950344391,0.26808028363723957,0.1752389935922753,0.30293767973402747,0.228089184856197,-0.02906715639250405,0.016319020495519337,0.1014887369648719,0.11077901143171143,0.18021256911232594,0.21266441721335821,-0.01869235076081962,-0.01026094043040867,-0.04330979673770433,0.11169053383707124,0.16365146816120238,0.025347206415135312,0.25335799064461606,0.19014822528819564,-0.045418571793563074,0.0903639095505306,0.07867131777597931,0.26526561620885303,-0.29820084496100674,-0.2819674332992314,-0.1521193323901475,0.19900914992894625,-0.2777037115446096,-0.30583221788032144,-0.29571639900159025,-0.21224404512223555,0.06697740561973366,0.22317583675596536,-0.23804439021672513,-0.28532314120474705,0.3514589633535978,0.12912162927225398,0.08989044234827144,0.10608189150431413,0.23249528719286872,0.3059840658659724,-0.3772198269543074,-0.4513338985946794,-0.3191138476887152,-0.42202975170240137,-0.32273241528207147,-0.366623642285995,0.007489983251685321,0.3605467502320969,0.1760492789435933,0.18048817891851535,0.20882969670339888,0.35744695472058713,0.3058891854811031,0.2952689558747952,0.07702372494748624,0.014504254160698057
Frontal_Inf_Tri_L,0.6287726044981056,0.09374487424705155,0.32457964172895465,0.06320378506054741,0.07753470225442047,0.04131645517724831,0.25832720336289816,0.1579683882930102,0.3369247244490619,0.14608887578312257,0.584302843023134,0.31952366898306356,0.0,0.46732316748689917,0.37869244230699683,0.12302346659991907,0.02662565061270276,0.14127356919764686,0.48146689998426095,0.18374029664714073,-0.08132375361275891,-0.08224359497444662,0.18445954854861885,0.060520293709460694,-0.003478714546524137,0.0101938229689429,-0.02738493710979006,0.00531882756486321,0.2005306407475194,0.1770199369486722,-0.007923843366818588,0.06813135167909357,0.25682948750983764,0.05457401344375946,0.04195173186772589,-0.10840327201809985,-0.13507353313803877,-0.2243466559350928,-0.14353484530234456,-0.1985277893465136,-0.09169564968439761,-0.125266850225604,0.28270940151041507,0.23898176115303,0.1877803705352817,0.112664947927057,0.2057057273168145,0.12191985092222789,0.2739735415771821,0.25291769178419904,0.2431504079967579,0.2186285540753437,0.21887112542887435,0.1470546403661787,0.044865893215882316,-0.029722411703686523,0.1906363822265792,0.11758034681697431,0.38877759032237097,0.13648045485532137,0.5557010426710203,0.17486577455266455,0.26914748132120125,-0.021951528933909933,0.28662680031679033,0.03605969232809747,0.15455221592423182,-0.05585395638550051,0.20128646905685366,0.0953199378709104,0.23778371463662892,0.3134714659510249,0.1639462657153165,0.10518445376246774,0.11490021964441222,0.11582341574697229,0.2548311275488536,0.23069183868835058,0.07726057755631903,0.09934878547200204,0.07434904898057144,0.1277135635266296,-0.09357730012044911,-0.054395090672522434,0.17563380123627925,-0.02931344666949481,-0.09040291553780892,-0.13403643276005073,-0.04181284809366841,-0.11522562087226519,0.07996962869515659,0.3507254371463913,-0.0576561264502925,0.03498160927580325,0.09208930208858825,-0.10608005685317898,0.07988889249720897,0.06749149572260632,0.20719921678776365,0.31865526273089667,-0.2060579176524117,-0.1447563137768422,-0.25834754518923625,-0.18309903671170252,-0.20544114106053737,-0.19154146339843225,-0.03946541938428219,0.045413167483889655,-0.020476264932588695,0.03662635420763132,0.23577127315033736,0.3022299542404809,0.4248572628073405,0.1943312216188794,0.22797358286837355,0.12748718913243282
Frontal_Inf_Tri_R,0.42625263954248105,0.10687718391717026,0.09364870825026733,0.11784031516783407,0.008286613179476005,-0.0806141878895239,0.16339925307883094,0.29963098569640356,0.11793081438888844,0.10599729367712964,0.42872091706993803,0.6177588914269353,0.46732316748689917,0.0,0.09396532110704309,0.19837134717301227,0.16359200897699666,0.19971665410322673,0.35524075833015023,0.16558597637040476,-0.18814019913447202,-0.07543966474063514,0.0405063526218903,0.09095188956280761,-0.22531423718468624,-0.08749110198153896,-0.10762398505108609,-0.032891102457037996,0.1045500499801743,0.21883870640587733,-0.08608026973646177,-0.030802459865835744,0.3437724793138552,0.23726046643143725,0.06655688232628237,0.054349606444098426,-0.13873359761696125,-0.06932051649569954,-0.18369101517347816,-0.1840956588417246,-0.20073186678096286,-0.1364669786051136,0.3840236701293618,0.29136894553522125,0.2015708793833625,0.17632264474874101,0.2987800141200408,0.2637518831843165,0.2998310619331399,0.2976584623470544,0.31641095700396576,0.3441817107339262,0.43216236011012976,0.36097750645921023,0.2098347734763243,0.125071031353265,0.31770271456680754,0.250849695311171,0.4739366640844983,0.4367985230868138,0.4511625097174947,0.3816369990993763,0.32998497011599465,0.3300880265630129,-0.0022586530576611465,0.05408160480372944,0.17506715332840966,0.13779268724486157,0.35636964313023967,0.3086835376738663,0.11985159998190763,0.22398858533537933,0.08278606286317311,0.21431840068857877,0.1921971124725,0.10455138404026441,0.3138240369251553,0.29325356457008034,0.05884979991950872,0.09663034150460748,0.17689782283973526,0.32118159210419706,-0.22500083620177116,-0.15332721109980163,-0.010457340528201225,0.392072082926414,-0.22968086747647792,-0.20790214805592466,-0.1307244504453216,-0.038857292765444,0.13355499176852187,0.26871803843580694,-0.1160008627917816,-0.11539868384104199,0.2477532275253917,0.026474140150214237,0.011317611200411738,0.2209679314222728,0.31275718491449517,0.27702131656966944,-0.22727408062481705,-0.27181021709044967,-0.23477706177683813,-0.2862387442788918,-0.25542976703017745,-0.2559689484180952,0.021294730961660083,0.23628862755449523,0.06827507167005452,0.036913543335470776,0.24025398160462602,0.31619454985091894,0.22426227042115976,0.18392091163261082,0.056389233216849584,-0.024219981522999263
Frontal_Inf_Orb_L,0.2574889502738239,0.14125607790431358,0.17610998316201804,0.07066978261224956,0.4851639775011934,0.3777441936860192,-0.06572927349293811,-0.19479124534286876,0.5096612695169309,0.41718286512751857,0.2360281499674121,0.0008373371762755084,0.37869244230699683,0.09396532110704309,0.0,0.6074023384306418,-0.089970517417901,0.03189064993598985,0.1786346468081301,0.05927475562087307,0.38974072720070735,0.18609485250979116,0.2492812095372583,0.21212997856552593,0.06462780903200342,-0.11308383456972035,0.44736635869195107,0.4532320628928386,0.3535085154345687,0.22443964572424854,0.12267888715183888,-0.0392481325962619,-0.030154958523200066,-0.17330369568640994,-0.098412402711346,-0.22564441308304983,0.27170688309491425,0.039617737238319614,0.28307865949603106,0.2887248529311784,0.08602457576853478,0.20325764808877636,-0.15775247035770495,-0.05009104072977706,-0.03204101944765606,-0.05295619051890391,-0.05791167092203905,0.03159442886895866,-0.026070375890845147,-0.007763254410882057,0.051858409356916976,-0.19538803508825262,-0.09054469686291652,-0.21400615719347105,0.02789378583543214,0.16059078866540566,0.08758758566395426,0.05912768594456224,0.09207246103237182,-0.14951696561168476,0.09089667711836542,-0.06973144635065309,0.09058025292354036,-0.05528887927995873,0.1977896580296099,-0.11305494321104353,-0.10870831750807076,-0.18807286723729738,0.035856586743681314,0.016203835696516622,0.07125675216841558,0.3281206088614497,0.26353025104810973,0.06551365060606654,-0.011092746337551434,0.11724188546529747,-0.03315367043231992,0.024161215431369985,-0.1498808195972798,-0.1689169033875493,-0.0215685851949957,-0.021763114907828455,0.5965182831168191,0.5758648892450365,0.5864666200102833,0.17618356251343018,0.5218519091007642,0.5131803790071475,0.4173537994936229,0.14342266865868136,0.07573102504381102,0.20669056325237267,0.2115117187108495,0.2858698955878991,-0.2641297926856251,-0.1769673757655496,-0.11949749192275518,-0.06563237394316339,0.029443601919703976,-0.011763506410988759,0.16304663246789095,0.29353990564970467,-0.012702263558545705,0.2014989160735124,0.09484841175073662,0.3061235675058344,-0.3464848290569522,-0.46049039223650484,-0.0691519492092968,-0.19219065022596835,0.015237473612674295,0.0643612037603634,0.09182082079314596,0.0025418093488015514,0.23154541456520977,0.06532452051267948
Frontal_Inf_Orb_R,0.016933147959415248,-0.018820473004729978,0.00877965429039078,0.08924339316396789,0.48555060025351576,0.4088584072752449,-0.10058332493077012,-0.06666102276322096,0.39794703857597963,0.4370161649544486,-0.028396645767272907,-0.013099369959476819,0.12302346659991907,0.19837134717301227,0.6074023384306418,0.0,-0.1445778549397114,-0.06431115741240633,0.01824932601462708,0.1063973527319005,0.491930865074565,0.2520532360411263,0.07553536263112665,0.174027678478122,0.05390664671156928,0.04985025966539594,0.33850573694084446,0.32237643128837484,0.3366280776810616,0.26612114746693183,0.17375959167979452,-0.013023238341526156,0.018180892894347572,0.03546336677440255,-0.1334187104338254,-0.10030213933601458,0.3003693995244764,0.16712705660581115,0.35039800421045253,0.36441462680845765,0.1364102023545067,0.312477867139489,-0.17457549963882485,-0.127136139284908,-0.039611701478831966,0.012845323355574602,-0.0876142601815598,-0.00042826521862886457,-0.00520035416577628,-0.009423139662216584,0.01825508168261535,-0.18803020274842372,-0.12490335072078042,-0.16400959470155002,0.1569923038172889,0.2886218823992997,-0.00520536455501519,-0.04011281380833437,0.14266796050396555,0.07233698209248189,-0.019887998728065584,0.1043598632119736,-0.07052073896741252,0.15347428331869004,0.01855654863080165,-0.027777207857913707,-0.03394631654479775,0.017765838264043335,0.11806002915604363,0.11128677763574511,0.09546493086520182,0.27395278900353226,0.08804504597983814,0.039296402684490514,-0.07697124505291987,0.15410226916264075,-0.06577330050582132,0.018674407622403074,-0.11678520220063612,-0.14632215215252223,0.0646672337893216,0.0822570158296333,0.5561598504855143,0.49474819025877964,0.4249092350837568,0.3862236227706898,0.4111371355876192,0.4562025625219426,0.4461590233658237,0.31783485793840116,0.23651551700917411,0.10122342974899251,0.3330051682786649,0.30123610793006395,-0.1901827929588559,-0.06068943249010308,-0.08614153220458627,0.13710552535365886,0.17746751911735076,0.014725062559768487,0.28561405549713076,0.32594526841279015,0.1485142293944834,0.2643910619906799,0.20527585042852356,0.3160023334817941,-0.14729554806014952,-0.33752564386726674,-0.043268190537763075,-0.14833719687404348,0.08679047266917875,0.009883012386901313,-0.04434452911263883,-0.032420910743280955,0.058409755411344286,-0.10579785693085288
