,Precentral_L,Precentral_R,Frontal_Sup_L,Frontal_Sup_R,Frontal_Sup_Orb_L,Frontal_Sup_Orb_R,Frontal_Mid_L,Frontal_Mid_R,Frontal_Mid_Orb_L,Frontal_Mid_Orb_R,Frontal_Inf_Oper_L,Frontal_Inf_Oper_R,Frontal_Inf_Tri_L,Frontal_Inf_Tri_R,Frontal_Inf_Orb_L,Frontal_Inf_Orb_R,Rolandic_Oper_L,Rolandic_Oper_R,Supp_Motor_Area_L,Supp_Motor_Area_R,Olfactory_L,Olfactory_R,Frontal_Sup_Medial_L,Frontal_Sup_Medial_R,Frontal_Med_Orb_L,Frontal_Med_Orb_R,Rectus_L,Rectus_R,Insula_L,Insula_R,Cingulum_Ant_L,Cingulum_Ant_R,Cingulum_Mid_L,Cingulum_Mid_R,Cingulum_Post_L,Cingulum_Post_R,Hippocampus_L,Hippocampus_R,ParaHippocampal_L,ParaHippocampal_R,Amygdala_L,Amygdala_R,Calcarine_L,Calcarine_R,Cuneus_L,Cuneus_R,Lingual_L,Lingual_R,Occipital_Sup_L,Occipital_Sup_R,Occipital_Mid_L,Occipital_Mid_R,Occipital_Inf_L,Occipital_Inf_R,Fusiform_L,Fusiform_R,Postcentral_L,Postcentral_R,Parietal_Sup_L,Parietal_Sup_R,Parietal_Inf_L,Parietal_Inf_R,SupraMarginal_L,SupraMarginal_R,Angular_L,Angular_R,Precuneus_L,Precuneus_R,Paracentral_Lobule_L,Paracentral_Lobule_R,Caudate_L,Caudate_R,Putamen_L,Putamen_R,Pallidum_L,Pallidum_R,Thalamus_L,Thalamus_R,Heschl_L,Heschl_R,Temporal_Sup_L,Temporal_Sup_R,Temporal_Pole_Sup_L,Temporal_Pole_Sup_R,Temporal_Mid_L,Temporal_Mid_R,Temporal_Pole_Mid_L,Temporal_Pole_Mid_R,Temporal_Inf_L,Temporal_Inf_R,Cerebelum_Crus1_L,Cerebelum_Crus1_R,Cerebelum_Crus2_L,Cerebelum_Crus2_R,Cerebelum_3_L,Cerebelum_3_R,Cerebelum_4_5_L,Cerebelum_4_5_R,Cerebelum_6_L,Cerebelum_6_R,Cerebelum_7b_L,Cerebelum_7b_R,Cerebelum_8_L,Cerebelum_8_R,Cerebelum_9_L,Cerebelum_9_R,Cerebelum_10_L,Cerebelum_10_R,Vermis_1_2,Vermis_3,Vermis_4_5,Vermis_6,Vermis_7,Vermis_8,Vermis_9,Vermis_10
Precentral_L,0.0,0.6940288649205153,0.5072285819522012,0.5496564485428126,0.12998754890014214,0.04597210404813834,0.5666389237818155,0.543421174814944,0.09779475716239037,0.08103313220347529,0.30868606340773624,0.3575783403805541,0.4353889180386826,0.2770878115468679,0.25589625725002024,0.1930382979109174,0.2752775174961672,0.2949183066503108,0.6648107767497885,0.6582733220776681,-0.022014613662250396,0.08528681543948019,0.2616817265977493,0.2683567572948982,0.014752836572625036,-0.013239296481567714,0.0677068179398016,-0.018900467053419346,0.33298178288821273,0.3645288006014623,0.16784723590249626,0.046016064884826215,0.5487003166637268,0.4653419609944227,0.25425345633791446,0.2130748046013673,0.1023644111036763,0.1158456906370427,-0.007337269734506249,0.053288882788592,0.06233316402478589,0.1235929241831458,0.5285113580244947,0.4523127217139091,0.36369249777094037,0.5331561619445708,0.39620104549558066,0.34239458706639175,0.4000320175134512,0.4226771491182002,0.4720840523213412,0.24525585202225444,0.22052601411629894,0.2157884075556399,0.4260568022910529,0.23956870645633704,0.7328799591068762,0.6816495698421507,0.45880191688621624,0.4234000443372246,0.5672444032620704,0.41390429737603396,0.6725879678556599,0.5468711372198,0.13296695341290324,0.20075753977960972,0.41631757489057064,0.4937499941429969,0.5090325025280816,0.4463810888844499,0.15066528495158674,0.20719571146392288,0.36212881485482884,0.4182602375757009,0.46311692094170603,0.462634869761223,0.36262537295475183,0.2707516902948424,0.18706188305033314,0.20966798416772106,0.4545375224725801,0.35622670145537133,0.1387789622615383,0.23869055852250765,0.3721141766327214,0.3649874499813659,0.2216883434249674,0.16432838935745772,0.24273273261394257,0.25868227525277854,0.2308990030043901,0.15780428367490643,0.2487713220340925,0.329375640060503,0.2276461149152904,0.26336170574233203,0.44275559962410493,0.37612650278175624,0.48683603705969064,0.2946310077227078,0.31862031037351757,0.3522347813761243,0.3472866114389657,0.3912704024546574,0.3660203069419505,0.387342920456599,0.258037951787362,-0.011907394240804196,0.13394544243142892,0.11561443264061082,0.280048768223234,0.2733209185252259,0.26763673229084567,0.4488797501550641,0.27515966032376055,0.2254953933173555
Precentral_R,0.6940288649205153,0.0,0.6309076956145385,0.6483248498667074,0.0043158804834256765,-0.012298614272108582,0.5117899741819972,0.5201432781281284,0.05901845426150059,0.018249872567223584,0.21558153589013077,0.2975028147420957,0.3695293091395371,0.29033471697131924,0.2319832784181624,0.15153567042713031,0.2633128118736841,0.2701110592789018,0.6614210690082363,0.6927916492364438,-0.040974815446106205,0.06637148659103415,0.3582536288328562,0.4148688171690274,0.024780263398431316,0.019882079712962672,0.05721642080219117,-0.03553235065471207,0.3147824586966176,0.254726938069656,0.2794629955753422,0.21929949283817385,0.5571135623535003,0.47767145055795135,0.276208196225671,0.26484566558942124,0.18124276080630544,0.23021570152213683,-0.04905056666318321,0.09521717971090536,0.1540141804913268,0.16033664700297987,0.553505995438297,0.5093909867489118,0.3352115536721374,0.48680351288434626,0.44633164211925885,0.40783548265559616,0.3549868159665106,0.35011439795339483,0.4795022955040397,0.23919407075521124,0.353225732803446,0.3220067102000999,0.40455417382159126,0.25949856237167673,0.6632942284040827,0.8056939284052889,0.45983794763419045,0.5081252521184652,0.3847290724677874,0.5082465517677776,0.5026355371374255,0.4784314052265834,0.2533337354247383,0.33464223800909865,0.45486214973383204,0.44675173727401174,0.5681707863581962,0.5342755545305256,0.2393147691458461,0.2762341721393825,0.43674672104097634,0.44624382891147385,0.4000444960260158,0.38426642930242993,0.36899869342116337,0.2650819920381854,0.22122739566926847,0.22862710434089126,0.4207845716859933,0.4222765314378601,0.19803151720974885,0.1669428041128515,0.37655480328394814,0.37794604060162174,0.09656632758692697,0.18918171211782187,0.19020546698227225,0.17568365627385896,0.180119481539558,0.05963134704964854,0.1977689415410014,0.2506277769157919,0.19158325817403057,0.223433617292407,0.3830429183268197,0.35002826723086433,0.34041758403938455,0.20492698837530302,0.2235313079779213,0.3260969559185475,0.23183225719914638,0.2896948203368937,0.24698315771957555,0.26861627853967307,0.24468301672146964,0.023092658964863115,0.044486379254691746,0.07972299949175285,0.19749502781645398,0.20879152083731584,0.12895713055002003,0.3406690492296024,0.13053430422366089,0.15285022413900498
Frontal_Sup_L,0.5072285819522012,0.6309076956145385,0.0,0.7028413995176765,0.028191157846362815,-0.027396217946854793,0.6334976250465306,0.45401037850131615,0.00764501179952461,0.010046936634100183,-0.05067352952517626,0.07359875769749956,0.2589206202914272,0.18820407799027436,0.14412686932962268,0.14851787699707947,0.19835147142958642,0.17823866279250877,0.5368911213780431,0.5330374872396365,-0.10260797581227238,-0.024031983363335126,0.6429497263721197,0.6188867267283952,0.1942403237291167,0.06455580661372608,0.05160513541436805,-0.08322823134003371,0.10812981736329846,0.08365081722038747,0.3003013970339492,0.2959724241687094,0.46358630117949695,0.23395936154200148,0.24887165653275028,0.25455638435799427,0.10436527193091209,0.16807804446376728,-0.09624749277854058,0.056945198637139614,0.13289291223704705,0.15799664890000595,0.38763850119532584,0.3313878606449367,0.28463512600508145,0.2947706423589999,0.275688495525644,0.2395003774904065,0.2596154886674635,0.19963498869168056,0.44680288055913003,0.300709883072336,0.3222851705629609,0.44787817699354326,0.3319357075339981,0.3019877261129541,0.4654719069455586,0.6043855977504179,0.44038463575212644,0.3838624975965513,0.21386448918484194,0.404634659683642,0.3105909963101831,0.3294037440748338,0.3886169814573473,0.33185997729337974,0.48879723282782983,0.32512294125335156,0.5536290859653725,0.44899015863561537,0.052986794751998925,0.10986582264089943,0.22932695748729678,0.23981463904084543,0.24063413274387818,0.18429483885667639,0.19297169566646916,0.1029108067169489,0.13759293597679273,0.1779571908335233,0.26565791913895703,0.34123959713811025,0.1410656717744548,0.2999124755609034,0.34377537409068704,0.38299326918098325,0.15969674281523524,0.2306129885258955,0.24848691723004923,0.25693673742244033,0.17392375711357974,0.025478070321161624,0.18308170200433982,0.28921977409244704,0.15214272670916948,0.15198725758805076,0.2882350191096375,0.2368214156605183,0.30197488603472206,0.15029987214857657,0.23612377737046922,0.3237485250074632,0.245361879157037,0.30636285321205164,0.31519681475361655,0.29409233691488584,0.31000153923373186,0.027858391323674625,0.011780112009783184,0.03583188989354075,0.10586344989501424,0.2708385094501331,0.12526497265811112,0.31893279133738084,0.17005860443304188,0.1557019635817755
Frontal_Sup_R,0.5496564485428126,0.6483248498667074,0.7028413995176765,0.0,0.0874377225591454,0.12967356171234262,0.5538979185363647,0.6544077565303119,0.10017967626780949,0.16665938484370882,0.1444716627190405,0.31234459847086654,0.3167384897625408,0.41321857739156714,0.28014565200334623,0.3185046572225898,0.3122149377897479,0.3230007956720144,0.6220656726882237,0.6307700766292273,0.019824928659104464,0.18286789148520194,0.6228388648171096,0.6664275099130836,0.10735984380934846,0.13884516623265436,0.07050084665338989,-0.007390978085106008,0.28631223111486137,0.2867747738575297,0.4151065871263703,0.3813094079986869,0.5100331705767561,0.4759801308639685,0.28738758383808993,0.3011234201636469,0.07572938093630391,0.31313320316181886,-0.12774132494674023,0.0807374907031339,0.18659785465327228,0.2318587733643647,0.43461836366873485,0.4484771725180418,0.35562758541253303,0.42897762666486905,0.3493901492692203,0.3048206259702461,0.37194184682482284,0.3585468899286559,0.437391001756415,0.29567375563919424,0.32131562194956714,0.22227205500575825,0.34043357379110145,0.1853215881564279,0.6126938239994073,0.6077889224910937,0.3570656784511953,0.36859969641617396,0.36334079619792403,0.574928428928556,0.41206495037556695,0.5338271497511576,0.2952669467486821,0.3898957021414588,0.45662712955969426,0.4407675221332934,0.39112459691427814,0.29897780085312137,0.20787965208140782,0.31427973365575845,0.4082110519873069,0.43153015886376694,0.35652823912517617,0.26464838214826036,0.35490489202475456,0.26531827920853585,0.2698033920878169,0.2771224556301225,0.4455101030882218,0.47596696691494733,0.23310058076033802,0.308685117053875,0.4889648480202364,0.5397211990509888,0.21634511497708578,0.35366208005219046,0.25369297838057353,0.302475945294381,0.22640877867624964,0.06614140695184913,0.2581165186840395,0.29912780310484804,0.1487476637416954,0.11025285747158063,0.29819237395062004,0.23112766512048308,0.2593773736445559,0.1336307597886715,0.28002444331803067,0.3198773902518379,0.2719137270695242,0.34291917475890726,0.3473373323484933,0.3299361750633958,0.17139015305277863,-0.14471047858479247,0.019065890260471067,0.04260747685214942,0.13330948609719317,0.2677057743932065,0.19994316929295228,0.34256492027480545,0.21213465955887256,0.2107076152882999
Frontal_Sup_Orb_L,0.12998754890014214,0.0043158804834256765,0.028191157846362815,0.0874377225591454,0.0,0.5927938492777667,0.20807760679000986,0.03201641851754725,0.6209302254380816,0.5805712570363464,-0.006807658730635321,0.019979376756279685,0.07052576240171557,0.015733227443429774,0.5048122467787959,0.4465114482543868,0.19134507831129802,0.05156539261758904,0.1330706722028253,0.06231503899194393,-0.03441860634108566,0.12097930451723274,0.06675780809767348,0.09242966615284638,-0.12028739080757428,0.3249169586005065,0.4693417801076325,0.32978130735391337,0.06243888803771117,0.11458898659789156,0.08416747877087351,-0.084554108966593,0.1634058644182362,0.05061797183313114,0.07234461791597117,0.032158585333819475,-0.004551578316744148,0.21525406842266756,9.9421748134799e-05,-0.01654833383088282,0.16176938991794718,0.3140469214224468,0.23694027268388262,0.20533486980147678,0.15641666573815122,0.12309662103568693,0.1305321412779105,0.07500061345516369,0.1289882800672976,0.1323002662376249,0.17883672394300795,0.21211935012601926,0.09233035621331283,0.1557946711797668,0.19928501937890683,0.10620029819501905,0.09361726003668831,-0.042601748532121876,-0.002028162578423293,-0.11167499753884473,0.12023163263894412,0.04386209433949204,0.26152686812936576,0.20520709406650586,0.13903830869921865,0.1664769255012966,0.07508893479083154,0.05847459449699219,-0.12313659510936235,-0.040725710846271926,0.15248666819134185,0.11271516819283124,0.18327733426479778,0.2033907798070622,0.13568594086274813,0.12396618697051323,0.1375978204697689,0.04773878023782084,0.0664487284172778,0.037434719723821605,0.14469454929941122,0.1295331068047025,0.12311965384191069,0.23512590068350656,0.33806016575854864,0.3208734937365259,0.3415677166213704,0.43242475266035907,0.22925887217163302,0.3757649038227278,0.20853470703541274,0.10753807605022597,0.2831171696352421,0.29960266268365177,0.22203115698175255,0.15603343737377753,0.1757182078214108,0.16887911085191207,0.18670759716018107,0.10458832606829499,0.27701653368404616,0.12277980421329185,0.28319976574699013,0.22484730584686466,0.07816801172700004,0.05083710307563851,-0.09952294753659219,-0.2593617931638529,0.007732793371482845,0.13257532690196897,0.06173869631879465,0.0721926681052324,0.16068123054190583,0.297834329878995,-0.08722776663403961,-0.03435019373403931
Frontal_Sup_Orb_R,0.04597210404813834,-0.012298614272108582,-0.027396217946854793,0.12967356171234262,0.5927938492777667,0.0,0.18883110894240185,0.02748237673945002,0.7182672281419742,0.856123172237963,-0.0953909852534266,0.018030847012746976,0.013929605132704512,0.058286426210877165,0.7127161383293273,0.7098432225700247,0.25093325470481787,-0.007932324815195572,0.14891642439923267,0.051932434399914906,-0.03436187709126906,0.2767428133924872,0.02815945871071204,0.12113019835813049,-0.24374337939061502,0.4002910477496901,0.30766425216383303,0.45601267415221763,0.12343642328088741,0.13408736490124296,0.12661261998124757,-0.024441667175955438,0.1216023267171072,0.07818940504885738,-0.0029653588735706607,0.05373373069280236,-0.06056371551703175,0.4302867468623962,-0.07484355472511091,-0.011290865702487883,0.3116428394708052,0.5482512621964607,0.17244880092822268,0.15159832653281796,0.09655263687122202,0.02289181970872589,0.19956476568840226,0.16952943768832127,0.028038131946911824,0.015572228590880885,0.0994051473813272,0.06031457373869698,0.2246970876631345,0.1618188978422437,0.18799561026576275,0.20829037333471495,0.020505509882219386,-0.11025514773271056,-0.1774472335979045,-0.20035837150415964,0.03039571850139627,0.06931581728622725,0.13761000218530878,0.16123650253242866,0.11945447762860616,0.13690150186585257,0.026416633408169892,-0.009403967595595239,-0.21134968242060523,-0.24998108493029195,0.10807187941775315,0.1902479849155242,0.30025473104217426,0.28234993770571964,0.19698983013414464,0.04472502508872277,0.07466489945898351,-0.032141156284106694,0.10142622710831121,0.04312915897626308,0.1352181621947819,0.045377043195012276,0.1041288898964324,0.35340919503404233,0.4457277753719177,0.39101702510167524,0.5290209407181844,0.6070687230084925,0.42897980793334317,0.6278554985648078,0.4050385169503394,0.20149630034534935,0.4584011095377283,0.4581070867749452,0.12938429582285865,0.002257745420092793,0.0336902053215088,-0.01825479914379071,0.20512727076353135,0.053846726710134976,0.38173104604273017,0.1752088908639128,0.34683594471437024,0.35348899298975983,0.12453072112036007,0.10732766217825444,-0.20948363831789985,-0.5556142016603233,-0.05947167420040185,0.0680871073437877,0.009628916669497273,0.08438460395335576,0.3927819220450526,0.38319656561513193,-0.04816766059164606,-0.04732894225613382
Frontal_Mid_L,0.5666389237818155,0.5117899741819972,0.6334976250465306,0.5538979185363647,0.20807760679000986,0.18883110894240185,0.0,0.6769980224654006,0.29238095841232914,0.2649191651379473,0.19907249339213792,0.3224060878758069,0.5864362453352258,0.25254878982558526,0.33416101653542724,0.2515888651611969,0.33534585093545455,0.2453148670811687,0.45972651601646036,0.3678067167642248,-0.18117426209762122,0.14582072410793087,0.5719658911749064,0.5589263565210312,0.0572039794066674,0.15698145568125085,0.1388444458764764,-0.022913236589089416,0.36120440168245516,0.3181078120681695,0.40729992640904733,0.2842724517728902,0.6993358865634063,0.5078078387823002,0.2819607764194996,0.27704572246052583,0.1541948469277304,0.21420454841370376,-0.11620447536442854,0.00259933729111654,0.17244897612099716,0.23588625703289293,0.5727129540294422,0.5264528091134052,0.48858508658964,0.49656422886881346,0.41487673576688205,0.4001036037826311,0.4529811289924694,0.413046308529655,0.5295292273702831,0.3823012313200083,0.36946010279867136,0.37808038797298854,0.43672273909615716,0.30445183206095405,0.47145889530357,0.4414891393558841,0.33309402991019843,0.3358293296402778,0.43767117498485236,0.3628143964841291,0.48880956982537604,0.38175250511305114,0.44515524460730477,0.3957780376279166,0.5006312123457515,0.47633169029689626,0.2755629384456958,0.20306739674069135,0.11407822718334082,0.16308839305403575,0.4580395034699999,0.4720237250652942,0.4257963004235412,0.38090111488494144,0.42068961279807016,0.24998449346958576,0.20066952664608062,0.323493151401955,0.44622637385965036,0.4522654695849376,0.19849265088687598,0.3640228390458556,0.5004055235343001,0.49260285840509693,0.2888137228639812,0.3383915528480479,0.38796035758414626,0.3574993269973965,0.33122012614686924,0.2898700439030952,0.3391938642101553,0.48091006325246366,0.12504361159595329,0.0923932467569078,0.35727763899780524,0.2764881127826759,0.46003006640463406,0.31254854190264,0.4246081190620662,0.42796701287852584,0.4318940635804261,0.42696221515802385,0.409350439793731,0.39839744018809736,0.3613505143739452,-0.08116010670622678,0.012117797158003851,0.07583804171407357,0.17680139373546722,0.2989026830855488,0.31317350052304976,0.487772998340613,0.25736968716297165,0.15991464317176432
Frontal_Mid_R,0.543421174814944,0.5201432781281284,0.45401037850131615,0.6544077565303119,0.03201641851754725,0.02748237673945002,0.6769980224654006,0.0,0.13107888132357362,0.07714965312238442,0.4852487316554629,0.6061527384123371,0.5882723343323106,0.5368384515527983,0.10617305398582114,0.09770236785000598,0.36288731001956853,0.4683168244692335,0.4175363611155105,0.35802545562050664,-0.14295643555806167,0.17688636823252585,0.5966945510802304,0.5975018313032303,0.15246645122344327,0.018543622747040998,0.022362284904489927,-0.14424790590862155,0.42442221381692957,0.45961412956700304,0.38054722209403224,0.32633349722439065,0.6381251646577741,0.7203674558688745,0.3990736424108763,0.35118825200137554,0.22146384105768285,0.14809862640045363,-0.07360524950551857,0.06460101098840454,0.029261818521816446,0.040636632934695494,0.5676866678119641,0.5468370660344477,0.43314188607456255,0.546337347387571,0.4620319021830736,0.44022669115600804,0.525830206066911,0.5578884419688841,0.5139370986358995,0.45107987800928234,0.326285884841665,0.17746186409727382,0.32373586386616193,0.07527954811553447,0.5394442043603325,0.4505826888469801,0.3778428891395715,0.46529357425481255,0.5945888950321936,0.5638576366747501,0.4747926296353182,0.5251092432665646,0.30512348532255046,0.47583809906053437,0.44806984253636734,0.564586629435515,0.1621669606296146,0.14987750713986703,0.16532517841029348,0.23339059278518628,0.4402609082805227,0.4789908462575637,0.36844263205204625,0.37762874268550045,0.5363104512492686,0.46990753991926454,0.4023652115500023,0.48071294488680316,0.5006067403158408,0.5809018788529046,0.24707415946966813,0.3064116805554172,0.3484165202647181,0.4474590535599902,0.07932241287004993,0.19165076808834203,0.1579188702202223,0.09129065193042571,0.11205929114267864,0.13864739374599092,0.15676871681832713,0.21313436020405666,0.1250229540406829,0.09016544178697107,0.3465986153175374,0.30283606403554303,0.2849262066692035,0.18395171211772432,0.2601423749294925,0.31029431217557396,0.26571745846312855,0.2704975513820732,0.38349279023297994,0.38649938805818307,0.3115063576186076,0.03988681901614609,0.13340350950462276,0.10520228229894313,0.2242103674037975,0.28388128843226934,0.12561173287115165,0.3345770137402164,0.4372098261587423,0.38623170913337684
Frontal_Mid_Orb_L,0.09779475716239037,0.05901845426150059,0.00764501179952461,0.10017967626780949,0.6209302254380816,0.7182672281419742,0.29238095841232914,0.13107888132357362,0.0,0.7690377031902687,0.09411197757255953,0.11763751075440877,0.2026906082320849,0.1759385481020359,0.5565855402450501,0.5733174633737432,0.2560911835495827,0.09041155172647139,0.14828684242317686,0.02825188663007055,-0.2179183021024851,0.09954998356290709,0.12350726383687448,0.1243983409996042,-0.12325162646281984,0.46125235691538485,0.33221861866566327,0.27621306133991924,0.2003111045448899,0.20899131978502783,0.09688555203394274,-0.032491249434259066,0.2806416739522134,0.20547692476709054,0.07234812105131064,0.06692509042241594,0.1594344302836832,0.3353207180650291,0.08843695757658068,0.10939383258925327,0.20239082587959809,0.3803705041126998,0.2922827448161207,0.30747329005460683,0.2813382821436434,0.1978872903702963,0.2472941622602676,0.2120543473243739,0.25766873959835174,0.1937946128085501,0.2278713056018524,0.24531995414318297,0.2349620767697577,0.20891115588592982,0.24465054208100978,0.21948329351003015,0.047684565443068844,-0.013650438200877968,0.07008956100212081,0.016781589634044785,0.16637750605351,0.07245688171619005,0.28513719186628755,0.17885366561057633,0.2408842460439923,0.20642725944783477,0.16306107684100182,0.11144882828251003,-0.12971687896358627,-0.1108946860297047,0.21227093382719048,0.24023029297839366,0.3646862535460808,0.3403484561557702,0.3039422879639418,0.31356601786841576,0.2032826723822618,0.06389512974827954,0.20620686428355245,0.21018959329522618,0.25011198655065237,0.20792553709907569,0.20720621407556028,0.31343144389519345,0.41642900753799916,0.4262860914846595,0.26329629720050696,0.5363211913574085,0.26919115018564893,0.39659745780868183,0.2572494348013051,0.16116508897959778,0.278979400765684,0.3401547048951211,0.14693181203779426,0.05855979503261321,0.1834736233819151,0.16306086918258172,0.25167520780606056,0.1671679643746676,0.22402254054316573,0.09891291053450403,0.20215132769513344,0.13745863084955046,-0.014138355757931953,-0.05913973698366498,0.06404466584525985,-0.2188829689314448,-0.04853968039197223,0.1985093514796893,0.06651129094609054,0.10003516289560925,0.21123738574068424,0.2841535151318088,-0.11156290830111086,-0.09740463775555674
Frontal_Mid_Orb_R,0.08103313220347529,0.018249872567223584,0.010046936634100183,0.16665938484370882,0.5805712570363464,0.856123172237963,0.2649191651379473,0.07714965312238442,0.7690377031902687,0.0,-0.12254444593774429,0.05414750668857437,0.08198599633829833,0.11664576285179468,0.7259664149656511,0.7492124399250427,0.23469044612853765,-0.007328224203616316,0.16928854358332213,0.05650950118066504,-0.06872763027434341,0.2807913141897316,0.0653608847903486,0.16185051664611855,-0.2600394090662267,0.46234751684523906,0.34016876344040803,0.40386295590965304,0.1460029788003746,0.15279075599155587,0.14756950366163138,0.03900800381070781,0.18436690740409853,0.08377541640833613,-0.030654302611616897,0.02021582508107532,-0.08991568385213845,0.4163698026213443,-0.07628081026112761,-0.04234533535159761,0.2750133863448237,0.5104649846984289,0.20412800375652873,0.1823604760950511,0.14028158652355774,0.0718839076775205,0.2055475334139746,0.15353508254612505,0.07640867497102993,0.054184639881628485,0.14907933183104116,0.08576433334747009,0.24709489287636932,0.1772492417300032,0.19559538219646785,0.23128147824140133,0.019259740181454498,-0.08253754362464107,-0.15679458243633393,-0.17450923575257227,0.029775640317961528,0.02503845823066054,0.16425635034409203,0.18293999871536729,0.1486965687313873,0.12255015562135586,0.05711840294453282,0.008698789541690882,-0.19152447991310206,-0.25179488340377765,0.17310013327598225,0.266515830743781,0.3742165971916728,0.3221199644987244,0.25806192507450976,0.1350503124381119,0.08559232020928385,-0.0588711618505588,0.08798889656012082,0.05159014921667231,0.14174834633551187,0.08328107110461987,0.04690752015986764,0.31946143014270595,0.491673127259161,0.44773213492942576,0.48132368395232894,0.6280437769205882,0.43921334467024964,0.6494962426284667,0.455532814412514,0.24836810684260147,0.508200895915773,0.5304071733596194,0.12262420870650398,-0.018877617721379494,0.04909556154086133,0.001199917843598434,0.24780838266366337,0.10070867505934863,0.410135704430624,0.2281250729511541,0.37984166835207,0.3697198488632132,0.12134485818078247,0.09351028223591565,-0.11435183404970795,-0.5682220063513982,-0.08557443133867704,0.11865715989130418,-0.0052564276338594096,0.09528041429962238,0.4520695007901418,0.43305403671143583,-0.057868818441610695,-0.0815124880773342
Frontal_Inf_Oper_L,0.30868606340773624,0.21558153589013077,-0.05067352952517626,0.1444716627190405,-0.006807658730635321,-0.0953909852534266,0.19907249339213792,0.4852487316554629,0.09411197757255953,-0.12254444593774429,0.0,0.6562430460251827,0.5863179666109497,0.45430676778257256,-0.05906376661677698,-0.08115113428093419,0.3270961119200213,0.5200041212112675,0.16763595622446528,0.13649330539303647,-0.0766036156792692,0.09199358451779578,0.1274955475083092,0.1432385370786036,0.021587918726614065,-0.02152052470391354,-0.03685133231308893,-0.2323883930505946,0.461441694346149,0.4466738965975477,0.19646830402079693,0.07488670288223882,0.37175028401600996,0.5580178149635651,0.2538959326850536,0.1340545654721945,0.18345610278715754,0.045193819466262566,-0.019627156084619183,0.11135300580990518,0.03927093688749895,-0.08986312840846293,0.2908542236589802,0.3558096441078993,0.18657271075501952,0.33121897078696866,0.15410542391064508,0.1366210036172854,0.3437373968985094,0.38105417739568426,0.1363505177567117,0.23894244855405916,0.06856144250193158,-0.04718658055649514,0.14140262759663672,-0.1754744315092522,0.2917206037545017,0.20403781364621404,0.2391430141310511,0.2894989432968844,0.44613199371550283,0.25469804296089116,0.36444869462029755,0.3074486029687874,0.024698874565130962,0.219471234421821,0.1545573429394359,0.2992291947488176,-0.028855899383167696,0.03340003299080211,0.3152678267457858,0.21002643661243572,0.3486636987581,0.44137121552734293,0.3098016680354136,0.2565393328226194,0.5083561185501562,0.516748588416622,0.4638719462569238,0.519573442223397,0.4265123056009753,0.3613191142613663,0.31330335070405607,0.0937229723390097,0.08280478858167521,0.14767992686526482,-0.12917340563283428,-0.11223756322912096,-0.08859174250958694,-0.22987118427501355,-0.20813629232146522,-0.056131558915663786,-0.2332642603395212,-0.22186623273351688,0.1578168396327723,0.17153251051659743,0.27027003282691764,0.27406551386895384,0.0510125460153357,0.11970306379017205,-0.15325656017351086,-0.11796523610673831,-0.14894158149071252,-0.14151137625629046,0.08513215931015958,0.04377425593408906,0.058609575118930314,0.20786262437189956,0.1735606303319185,0.2042294721921762,0.1073172147207816,0.1079141288503228,-0.1533145578622704,-0.08623634322528584,0.24036543229264862,0.24543640781830348
Frontal_Inf_Oper_R,0.3575783403805541,0.2975028147420957,0.07359875769749956,0.31234459847086654,0.019979376756279685,0.018030847012746976,0.3224060878758069,0.6061527384123371,0.11763751075440877,0.05414750668857437,0.6562430460251827,0.0,0.5861754932052117,0.6527490970754767,0.053249295920482574,0.06932621642687153,0.4365707557136336,0.6589951794449019,0.22716839288737734,0.1488973483477863,-0.05626721486318545,0.1753484854962207,0.2502857732528437,0.318244779616426,-0.07825744133340265,-0.06595349980737579,0.08713904004837014,-0.12170442247759529,0.518040526237068,0.5476049467998415,0.36486335825349586,0.32304448357222687,0.37542941290127213,0.5829396448434767,0.22247310410084487,0.13387652474981127,0.11608246307437507,0.1373642526469342,-0.05641908965545024,0.12332748175110789,0.14256011471376537,0.025386414538017762,0.452012509105431,0.48757259740991604,0.27015129849545116,0.38792036000928987,0.2952230711760907,0.28296151451446944,0.3840273803440289,0.44662558564797034,0.28562978586537896,0.3435216737144584,0.21613855860075137,0.10510418906679507,0.2205795210471603,0.005680895194480926,0.29869841410293785,0.23615250634941273,0.22718665609054958,0.32876804995153625,0.3884412478379442,0.27732393020601426,0.3645278129574287,0.3334148498297938,-0.0018081997813328427,0.2170253635057725,0.18155466266206152,0.3534343695048437,-0.07056660571983608,0.008370921020460826,0.3571400942830038,0.4095988064369034,0.48830992700180315,0.5231248724443247,0.36696169872475365,0.32636111065014933,0.5082101600011631,0.5106149578427776,0.4265689356752317,0.5233322931781702,0.4454259022276087,0.5172575285605074,0.21188417745339488,0.1736642376397434,0.17534838973603248,0.3188625786282074,-0.015294218014023085,0.10270141130394227,0.008888559126705275,-0.016217909867694044,-0.03301298350407992,0.062233883173361454,-0.0739024543423325,-0.039802102715865165,0.24464831110613508,0.23127953433618267,0.30679515503457583,0.27853746397009244,0.1556396174613819,0.15681909782506825,-0.020138170084875253,0.0264973216229113,0.008098097958134237,0.01687466632345519,0.12482318270133898,0.08844333728295456,0.10755758173542039,0.0593638291856623,0.17331773600843836,0.18281276503264815,0.0789579381160729,0.12012733730807432,0.04879209915014665,0.12224699461476778,0.24311350711127344,0.23964279582068343
Frontal_Inf_Tri_L,0.4353889180386826,0.3695293091395371,0.2589206202914272,0.3167384897625408,0.07052576240171557,0.013929605132704512,0.5864362453352258,0.5882723343323106,0.2026906082320849,0.08198599633829833,0.5863179666109497,0.5861754932052117,0.0,0.5374629712533738,0.23953731006749426,0.13424875461451652,0.4560435984235581,0.42254660007727357,0.24620523781719206,0.15672838291047272,-0.041744698426811874,0.23438322209969134,0.3341835070209456,0.3019490596261976,0.00301445330890531,0.11528233082704308,0.08494535967208017,-0.1289483878706629,0.618553757178742,0.5233231359802882,0.5120658172912969,0.3744050448966179,0.5501202241172913,0.5591445639068379,0.19166205685668813,0.08971736884358206,0.1884411010043166,0.15123275958658955,-0.05926078104148221,0.07820978809900682,0.21324711480800823,0.12899898966559903,0.45219609027041285,0.4236367229418453,0.24498417381456528,0.35435293817665864,0.32002585399051486,0.277148234694663,0.28757518441687757,0.3065031351244507,0.30620817666695405,0.2414724060321558,0.31073638580286955,0.12387801450135862,0.3606804362071326,0.08065065872335497,0.36552500085804845,0.29063253665968525,0.18962483296440508,0.2447724374265303,0.41194833701531663,0.17419972031963923,0.4920827895558193,0.32204378659730093,0.18555827276929932,0.20805656574905265,0.2077008892789624,0.27692310477107773,0.04511286192121381,0.046985516526086624,0.38358577854425857,0.3110825344255871,0.5110831796988484,0.577030639170447,0.48380209936006535,0.35495749999698395,0.5462236772982242,0.371461804607177,0.3969776550261629,0.43862093212524095,0.5545136262256259,0.5464188614359637,0.2805521119600166,0.27837245674462147,0.42461734285629615,0.40898588693171223,0.12808441027785128,0.1423150699469848,0.2925190217630754,0.10403320800012418,0.11930815935621222,0.08756000575499684,0.10881286522277159,0.16700523420883348,0.1253894214158222,0.08686840372215367,0.28412275332278475,0.2120656138329969,0.29265974688452784,0.1655221557001792,0.17503159102257668,0.2020441641111217,0.19496650513253055,0.21791288824507313,0.28833595566595904,0.2602675214779033,0.1747641751516266,-0.023191695167634214,0.047230771784494766,0.09810961173202552,0.046937564358394544,0.1888609105413925,0.14785542057538734,0.25620300453240424,0.24886834465149796,0.12819941925418504
Frontal_Inf_Tri_R,0.2770878115468679,0.29033471697131924,0.18820407799027436,0.41321857739156714,0.015733227443429774,0.058286426210877165,0.25254878982558526,0.5368384515527983,0.1759385481020359,0.11664576285179468,0.45430676778257256,0.6527490970754767,0.5374629712533738,0.0,0.13353016354520647,0.28110013312560717,0.3037607785598199,0.5187651839960207,0.1528084539502003,0.10510717483685482,0.02184805324649651,0.2528098492920931,0.32145447968388313,0.3627980411794285,0.1513918059684338,0.1794500892898523,0.08250146610451456,-0.07524535636286894,0.5589992600949837,0.6177298323439491,0.48234744219316295,0.510788483101126,0.3141375720406245,0.4672642905531954,0.19700054495365502,0.08707814031933654,0.30884709432373775,0.2731713068640701,-0.013797300678072095,0.1899423336823205,0.21637915498696403,0.1162030342835176,0.39362418050363507,0.39924206690056435,0.14070998204340443,0.29045325167989683,0.3617692603487803,0.294701328808816,0.2182459738223068,0.24825567665423823,0.2745453781037658,0.21890988328347216,0.24050550047237867,0.18522374672607203,0.20704449999600913,0.06959549236478905,0.263935457445897,0.26418095315286577,0.2200422637523509,0.27844613462436263,0.3750768826724692,0.28051502059470285,0.2675407077001514,0.29443695383966306,0.14099254094915628,0.21756256033501037,0.20090581304307173,0.27220950745787736,0.02545583446036071,0.11185326085497035,0.48958504104873235,0.5838751428118946,0.4948261986696367,0.498666073977354,0.3969993119152857,0.37469345488921457,0.43495846456743714,0.4321746472072377,0.38891604473315755,0.4603282381803223,0.4111928995688698,0.5687116064833982,0.28252123483607394,0.2971527287149905,0.2158518645379129,0.4214313533861073,-0.04821236173934778,0.2412579916113112,0.07388939502677369,0.0828343229728922,-0.030213650440559545,-0.03899737512550432,-0.0016201316647138867,0.025910885172538995,0.13657584965163844,0.09525758162871266,0.23287178779938786,0.18770130169212684,0.06339587953226943,0.02572618188764368,0.0014734297276580797,0.10907001884793466,0.020559580610545417,0.07191016376139597,0.10620181486364513,0.08140046973410653,0.18135922711096106,0.044852394835431755,0.0874512024270673,0.09347619884602704,0.009374058648226064,0.029635443838111963,0.0035256788583226074,0.15494111030346336,0.22941880001097653,0.12452350440127374
Frontal_Inf_Orb_L,0.25589625725002024,0.2319832784181624,0.14412686932962268,0.28014565200334623,0.5048122467787959,0.7127161383293273,0.33416101653542724,0.10617305398582114,0.5565855402450501,0.7259664149656511,-0.05906376661677698,0.053249295920482574,0.23953731006749426,0.13353016354520647,0.0,0.7722593540092885,0.3044269136586728,0.04691016438887212,0.32799901843751067,0.24916140639199263,0.22474212112424435,0.4567183225637615,0.067767459047715,0.14646696459905606,-0.29616448799214173,0.3681086404991618,0.23729236514242907,0.4093550023948187,0.3595478991763077,0.30607057201734394,0.40990819917766663,0.1974735541463932,0.2742516524303235,0.12201933531246321,0.03570117484862838,0.10050386819501093,-0.03088573984429134,0.5821178324387768,-0.13884219349312404,-0.043052936101132325,0.4787994132404313,0.71056028049798,0.2850138173942723,0.21133077552711366,0.12010172363592844,0.15296162056083637,0.3368957457967274,0.28162477757684934,0.051034458147357686,0.005331198593018789,0.22689293017251186,-0.04786039232136376,0.37071540350356696,0.24789041898222827,0.42932090534480444,0.34259036841619345,0.2364920693746935,0.12640984993134097,-0.1413118149808177,-0.17318848993350383,0.10661973965078349,0.1242878742503566,0.2933487225132619,0.2470818101831525,0.16771241863043748,0.07372707634456571,0.10090604407817846,0.07311541706921038,-0.019947231866105176,-0.057813819462479904,0.3385880249162474,0.4192645272673028,0.5021092785040634,0.5044779665950571,0.3924141601615859,0.14986616424071994,0.1632722007604614,0.041684556951112,0.17564336448622114,0.09837202693847381,0.3336315956435381,0.17281961142318875,0.15730798882213526,0.4057747941200099,0.698740626014546,0.552247953563713,0.6518454718905753,0.586714417359634,0.6351819706287203,0.7726373280901497,0.6174372312808081,0.33671030796404455,0.6611863108834697,0.6626159336773486,0.13961094108632502,0.07594583368760423,0.143723696309798,0.03038830356877489,0.39735752365905824,0.20426500346296672,0.5610307349688511,0.39458376930405176,0.5250023065158429,0.5710912193933033,0.2696355060181259,0.30028928126453813,-0.15423575480791954,-0.6382170505129376,-0.10629221501138851,0.04661264358970901,0.0600627294122082,0.144240865994824,0.5745969957497393,0.5605750974941713,0.004669570092222425,-0.06488925234267823
Frontal_Inf_Orb_R,0.1930382979109174,0.15153567042713031,0.14851787699707947,0.3185046572225898,0.4465114482543868,0.7098432225700247,0.2515888651611969,0.09770236785000598,0.5733174633737432,0.7492124399250427,-0.08115113428093419,0.06932621642687153,0.13424875461451652,0.28110013312560717,0.7722593540092885,0.0,0.21247277204973428,0.056587886637096206,0.21526687818630447,0.15932858297660246,0.24548344142316644,0.516273695514427,0.08279884378952682,0.14994835440999263,-0.11320773366907248,0.49765022479561827,0.22309880716178543,0.3127989767385314,0.35136090992162994,0.3584216503327919,0.3453078934485182,0.234206692435281,0.17152760701158715,0.08470520627918705,-0.03629232070705123,-0.004239536367182411,0.05759947896262697,0.6453654061308903,-0.13331725493207103,0.03562425616657503,0.5417219421815711,0.7088905491243532,0.21318168364290893,0.18163637156783738,0.03957542432668385,0.10805191740677836,0.283577369287898,0.2046920957407337,0.01822391382120685,0.015226497237557231,0.17065550184261996,-0.03772374833762562,0.25603496756317023,0.1810942035339376,0.29453252682700315,0.24296407470338996,0.16674382819893752,0.06117654184684851,-0.06817672273971485,-0.12579000676992427,0.17859383753577435,0.1387922980561607,0.2004830122616122,0.20304764291966756,0.15099683213523205,0.06768661247855295,0.07891271855474624,0.043766537641366635,-0.03729627689431471,-0.10129262481090962,0.31887126901868124,0.4668776571705108,0.4820940072860918,0.44702683232465185,0.3725059119134691,0.17013840380579048,0.1564350524733024,0.051913721195924134,0.14223742863807484,0.10941936908857343,0.3069681777719446,0.17039871709976204,0.2748210325086491,0.4927857209040437,0.5661992581275739,0.5435902717827944,0.5777189883895089,0.6487729866283629,0.5370025187430433,0.7169700980540029,0.4900580851464856,0.2335831344448676,0.5326880653470829,0.5456511452852284,0.11002692871651994,0.04531300563752752,0.12362783224867822,0.03848325801766514,0.23257568102172593,0.09566858244176289,0.4150685288149877,0.3325718549277513,0.37752242797410446,0.46161024845449444,0.19902887752497264,0.19427874100987166,-0.1497914705007722,-0.6060397082334894,-0.08389460107581197,0.0986601247276199,0.014830883801270034,0.08952279984300628,0.4773596220985891,0.4503190712671433,0.006467462953322003,-0.06551619562567472
