,Precentral_L,Precentral_R,Frontal_Sup_L,Frontal_Sup_R,Frontal_Sup_Orb_L,Frontal_Sup_Orb_R,Frontal_Mid_L,Frontal_Mid_R,Frontal_Mid_Orb_L,Frontal_Mid_Orb_R,Frontal_Inf_Oper_L,Frontal_Inf_Oper_R,Frontal_Inf_Tri_L,Frontal_Inf_Tri_R,Frontal_Inf_Orb_L,Frontal_Inf_Orb_R,Rolandic_Oper_L,Rolandic_Oper_R,Supp_Motor_Area_L,Supp_Motor_Area_R,Olfactory_L,Olfactory_R,Frontal_Sup_Medial_L,Frontal_Sup_Medial_R,Frontal_Med_Orb_L,Frontal_Med_Orb_R,Rectus_L,Rectus_R,Insula_L,Insula_R,Cingulum_Ant_L,Cingulum_Ant_R,Cingulum_Mid_L,Cingulum_Mid_R,Cingulum_Post_L,Cingulum_Post_R,Hippocampus_L,Hippocampus_R,ParaHippocampal_L,ParaHippocampal_R,Amygdala_L,Amygdala_R,Calcarine_L,Calcarine_R,Cuneus_L,Cuneus_R,Lingual_L,Lingual_R,Occipital_Sup_L,Occipital_Sup_R,Occipital_Mid_L,Occipital_Mid_R,Occipital_Inf_L,Occipital_Inf_R,Fusiform_L,Fusiform_R,Postcentral_L,Postcentral_R,Parietal_Sup_L,Parietal_Sup_R,Parietal_Inf_L,Parietal_Inf_R,SupraMarginal_L,SupraMarginal_R,Angular_L,Angular_R,Precuneus_L,Precuneus_R,Paracentral_Lobule_L,Paracentral_Lobule_R,Caudate_L,Caudate_R,Putamen_L,Putamen_R,Pallidum_L,Pallidum_R,Thalamus_L,Thalamus_R,Heschl_L,Heschl_R,Temporal_Sup_L,Temporal_Sup_R,Temporal_Pole_Sup_L,Temporal_Pole_Sup_R,Temporal_Mid_L,Temporal_Mid_R,Temporal_Pole_Mid_L,Temporal_Pole_Mid_R,Temporal_Inf_L,Temporal_Inf_R,Cerebelum_Crus1_L,Cerebelum_Crus1_R,Cerebelum_Crus2_L,Cerebelum_Crus2_R,Cerebelum_3_L,Cerebelum_3_R,Cerebelum_4_5_L,Cerebelum_4_5_R,Cerebelum_6_L,Cerebelum_6_R,Cerebelum_7b_L,Cerebelum_7b_R,Cerebelum_8_L,Cerebelum_8_R,Cerebelum_9_L,Cerebelum_9_R,Cerebelum_10_L,Cerebelum_10_R,Vermis_1_2,Vermis_3,Vermis_4_5,Vermis_6,Vermis_7,Vermis_8,Vermis_9,Vermis_10
Precentral_L,0.0,0.7254938169826742,0.7236697944460089,0.7172797503598216,0.25115524091175095,0.2655315408990599,0.7663300833892314,0.733069863954112,0.5998521812219008,0.5106461376217292,0.700775017482448,0.657778769883988,0.6704873460752722,0.6321639101525269,0.6096349641734565,0.6422200786643648,0.6617223617742146,0.6278416196190041,0.84994247141305,0.750121408308841,0.05581936259018499,0.3549392931793088,0.6697244660867335,0.6020018805418927,0.4432739676300672,0.5123985617422865,0.21166148540139215,0.14581886884241907,0.590340184135736,0.5779294466575081,0.47831189962313975,0.5476371713757036,0.7013453661607967,0.6787197538805265,0.6051949846458943,0.5019924637928135,0.2975718212422478,0.22777382953343506,0.3943665012457239,0.4176076434469191,0.17390325186564165,0.12490686327952918,0.5402567787598724,0.5727328132611886,0.43321571284265914,0.4594643367795069,0.6034214432925378,0.5154041787126635,0.4545613727488284,0.4544488885255605,0.5379961806898048,0.3772574038331958,0.5446132442168975,0.5352877695001145,0.48085323239502403,0.49339554048686524,0.8179178587236554,0.7111775125173976,0.7328210307406302,0.6363844633596747,0.803001518945543,0.6656415984620586,0.7330060376129026,0.6992580378393027,0.6310600317065114,0.5882604212394449,0.5127885745604176,0.4974296462790485,0.5733088795642581,0.5509568726924398,0.5403705505678389,0.644247499365148,0.5599403975002414,0.5437575878846456,0.5729076966593715,0.4816584835975361,0.6160547876759341,0.6020854796836723,0.5991498487968034,0.48438830797080945,0.7059649510448552,0.6110874571573768,0.4180976536990986,0.5338679257216193,0.6749880603843239,0.6615468391019332,0.2505706584218415,0.38243119237937295,0.5135853843538335,0.5416932633723693,0.18613528103511853,0.17647369210913136,0.3490767775530708,0.42383048885284863,0.4663900645446078,0.44260489340816545,0.5706174649069041,0.5777409884626673,0.3646926795110376,0.43620071871560456,0.38680878575900696,0.43786603813648023,0.4622682375003327,0.5019250246027958,0.4177883540666573,0.44083291425385823,0.26989115970429833,0.4027781334813153,0.190447713665354,0.2465122330727981,0.2598662518076429,0.20554030065257115,0.3504993987976505,0.40732363415871603,0.4234514525348654,0.5521187988826373
Precentral_R,0.7254938169826742,0.0,0.6961840363190289,0.7806392349095972,0.3575183950085349,0.37969146094992,0.6593574944897912,0.7272713278545658,0.5320578207100408,0.4790511877309684,0.5325467880661167,0.6354738554422613,0.5265025073251786,0.6155933598397877,0.5803053585522524,0.6084464465608038,0.6383223813390626,0.6912821383042489,0.8069414358318232,0.7595893455390108,0.13845374799955487,0.4386037179378198,0.6809828360856497,0.6519545514931011,0.6166682493438445,0.6088479047025824,0.30952263973419225,0.21058606236634536,0.5494376256657072,0.5448829752737008,0.564902997277274,0.5479968243361084,0.8166318835021643,0.7265084082184159,0.7023792000467608,0.6095986125960537,0.4504938373800743,0.2875272926996491,0.5378487802846078,0.5791219938783977,0.0961964033112746,0.23217200310451247,0.6729239177463227,0.6450331603951004,0.6511691784345243,0.6356110780862582,0.6771112930520006,0.6456230867216327,0.5935042246426611,0.6137767736085021,0.699373313507876,0.5994274764864983,0.5945047115141968,0.6289269549044824,0.7006357256158334,0.7069278656747279,0.6540503167362426,0.8488812893388474,0.6877861837629364,0.6946017494529546,0.7029196296844987,0.5962939696773939,0.6835329236809394,0.7154200868553429,0.5109763156907634,0.5967388614078052,0.6885800150176535,0.6739760674864964,0.6962246080264836,0.6272565312022551,0.40962407334645523,0.5375559140424251,0.4095378329382386,0.48103667143892687,0.5230837051850271,0.3827542697938378,0.6530798247421884,0.6527702290894893,0.5432281481348163,0.5266053118442504,0.707130247304462,0.6785029362834784,0.4075228385488404,0.5885134694386065,0.6726531695769292,0.7476562869830456,0.1817057853905428,0.4315371172930538,0.5960573281791337,0.6813730342690567,0.29298660931507375,0.20795676648641884,0.38708505840228286,0.2968702266109294,0.483969133652245,0.4621277232527075,0.5533546138158215,0.38865951915304187,0.41710415708233495,0.399737623057596,0.4918571924833185,0.40632281727129194,0.5624298565341851,0.49768157786047773,0.5322559271690297,0.5310193832400223,0.3923084470140876,0.43450005170270684,0.3019556956905611,0.12039031751485359,0.12800822736590853,0.11756944143605383,0.375611793457277,0.456849193856298,0.43535048393547865,0.5235391209641527
Frontal_Sup_L,0.7236697944460089,0.6961840363190289,0.0,0.8001391845612356,0.3668715214885927,0.3001154433711555,0.7411623414796209,0.7163633572169275,0.574423176076316,0.5055475298701,0.3948857039437858,0.47057819173212995,0.6623982454698035,0.5998996890060021,0.628855542074329,0.6217774300726149,0.43779374400941057,0.5199453671499666,0.7372540649852259,0.6833429791043647,0.15718416181274747,0.34643801866072105,0.8051769240423093,0.7946630676428248,0.6615086962009976,0.5907243589931578,0.37889356416826087,0.1885663102401011,0.5023162441982469,0.4342889851153888,0.6134366434859663,0.6771294640216283,0.6899835937726058,0.672800621995604,0.7406419627008727,0.6463596680304735,0.4643029743214782,0.35795157085705437,0.43587589416882266,0.5183876150689765,0.2698567971138794,0.2995612514829889,0.5190329329763835,0.5062807181901257,0.47787743505118,0.40089795782142545,0.6170709465017736,0.545007956105754,0.4144584977969199,0.3964574572590662,0.561004421876193,0.3583098960223488,0.5977888807169125,0.5810072712201539,0.5225080489161628,0.6185795159580352,0.56264072467696,0.5926031739103648,0.6170795670912671,0.4838336020767838,0.7420493437165476,0.6112181950414982,0.5238063985181726,0.45829483612074345,0.6948572211651676,0.6573144200618909,0.5948361480162625,0.4926079011854878,0.5772131558856798,0.5619676909608988,0.4483311335408056,0.6037143753866586,0.5265942363136306,0.5454041730701896,0.5423185187097905,0.40894666090506326,0.618755119917224,0.5955764050881439,0.4388271015246061,0.43232156815395517,0.6288185324909452,0.6058113605740179,0.4461409942651655,0.6099090363962697,0.7388195006917557,0.7332385406211237,0.21253967599923357,0.45420449157545095,0.6002676228876688,0.6078773258148545,0.20598205101134623,0.2350372513550753,0.4588341256134048,0.5388059268774662,0.35749785443949067,0.36970021509945616,0.4346784863377887,0.46569205139667497,0.29694116568320067,0.4315663832730603,0.46621808226581535,0.5361765103664362,0.48181691547754746,0.5511126993167956,0.3902152517922875,0.462708571585354,0.22285401199247848,0.4240872989777242,0.12121973097187395,0.166848890467672,0.2102063779547278,0.1441128640771308,0.3366510214195621,0.4419726929618324,0.44067852559945964,0.5548471756232355
Frontal_Sup_R,0.7172797503598216,0.7806392349095972,0.8001391845612356,0.0,0.3679239076546415,0.41084503160763186,0.7861903231441425,0.8789849140979845,0.6106317221334274,0.5601282739591545,0.49581195445336246,0.5582932763317063,0.5161040863066378,0.5980733513008387,0.5210681114089493,0.596042296030677,0.5252376838876343,0.5410836182536528,0.7528748555955841,0.7457644694335266,0.10870504918885093,0.39855275406486473,0.8098234486860566,0.8167633580306441,0.6602168928140505,0.6700507538552329,0.3196451040125783,0.1859649148317885,0.4843611747258905,0.4692718989805436,0.6553667984163725,0.6815660822906379,0.7804143186794703,0.7730649951894023,0.7221182918732054,0.6651554311665476,0.4913562660581155,0.35372188311559494,0.48059071778220774,0.5107948630244583,0.0956419070870538,0.2512873870463632,0.6531025380505702,0.582461537206682,0.5790327965716205,0.520059508109864,0.6419383442645676,0.5811517657032331,0.5331984918910023,0.5151952742807444,0.6215793840703777,0.47800453057102565,0.5958915219361984,0.6113449281259596,0.5941294089276297,0.6295111488142733,0.5799758193072244,0.6288554514724558,0.5988697329301946,0.6637901205699936,0.7492204782772433,0.7081728316964853,0.5796847201266029,0.6382690577846056,0.638782191745162,0.8093869127221764,0.696213117013389,0.7144217431904829,0.6365641471456189,0.5793697778779762,0.4473645753623203,0.6276790180251693,0.46531132396957264,0.5152220677691713,0.5332025344347893,0.41578894616263584,0.6717109430629292,0.6931845322559481,0.456054277678069,0.4137214557920538,0.6361531753041558,0.6399684855651759,0.3514427712387518,0.5287993771280083,0.6419726350210084,0.7834312751308091,0.15151911924197023,0.4068389017576821,0.5623238363285413,0.6902302941805852,0.4016180143599164,0.3057033738975154,0.5616444183150027,0.42089164676649415,0.4401701050425758,0.45277144520109136,0.494405101400286,0.43753198380143093,0.4947382488856755,0.45465222440266534,0.5823566775558654,0.49563201305198673,0.593623415899877,0.578749024094215,0.5561055507405496,0.5035566464445961,0.4097275845267245,0.47651433403852517,0.2778159277125911,0.15755804427898842,0.20397814343887305,0.2160760783932879,0.4443951328631457,0.45416905847847405,0.42677769304291047,0.513273765364675
Frontal_Sup_Orb_L,0.25115524091175095,0.3575183950085349,0.3668715214885927,0.3679239076546415,0.0,0.442716919064428,0.31580965695174223,0.30103232037853056,0.3925149684206132,0.5148031226445549,0.14744582880527332,0.18925931185140699,0.24267280737458172,0.19008301913416525,0.5526461751291433,0.4138356283283494,0.07293211800653479,0.02199868724835637,0.3131699166268359,0.3390635940276001,0.30186323723255926,0.38325102154571855,0.4080265753155756,0.39749681914767376,0.2996233084288228,0.33738693255533836,0.640739847202828,0.13303800035728186,0.17728161151595,0.07359123480789428,0.2830661896276223,0.2679007808819742,0.3495685146973805,0.36163746646255496,0.34233799841099893,0.2629310011781409,0.2766017502062841,0.194493718093492,0.13136599211899938,0.34681518286515906,0.2135276617816995,0.23561240676675121,0.2804380559907177,0.29179457204219644,0.3850693405535642,0.3646690401866725,0.30332564600594003,0.16732977821168024,0.3608050453574349,0.3626778031605469,0.30648976210191214,0.3264898227753612,0.21576646805445654,0.25593524937307943,0.4320757276731955,0.425052241290197,0.13325256453570525,0.2706241828094575,0.2893694502436164,0.22666352139646237,0.3347601514444173,0.26025883778202163,0.2495342274951259,0.2601897732589062,0.2617632793873162,0.2668571596829709,0.3258506184219258,0.2804847417797046,0.24842862070730773,0.2598712578073939,0.22996899868067072,0.25693946848651933,0.11799188154542274,0.09655373981733818,0.25371780013962725,-0.06652517956669092,0.3012221657658122,0.2965181593866073,0.025605733601908872,0.025997248137927354,0.2416288772412945,0.18093706201382959,0.3383323849631984,0.3955878517213265,0.36169789037413097,0.3894990673258779,0.2740944517620136,0.38751250020709876,0.5511061340073855,0.44823202362453457,0.13684543699125132,0.1485817273957598,0.32243832557140634,0.2835609097184848,0.1969002538097531,0.2055210809330069,0.24122731480202317,0.15354598330145766,0.16370844341300025,0.2993679910824811,0.3935033553407267,0.42378298877124576,0.4188525632576875,0.4068268183419377,0.24276209796609197,0.317578077768083,0.11149411531434687,0.3512195248592915,0.1163838292024458,0.0349973357560043,0.11523793194953452,-0.07374143678965989,0.11612123023636758,0.3147315303148851,0.1510574305755565,0.320738931093771
Frontal_Sup_Orb_R,0.2655315408990599,0.37969146094992,0.3001154433711555,0.41084503160763186,0.442716919064428,0.0,0.30260631306484337,0.3884861702653507,0.37013465852312083,0.4478264849324873,0.16018571102935367,0.252829197892212,0.19327308102340268,0.2436403500447926,0.3984995396375769,0.387968549433869,0.14515731293435535,0.1233451816447544,0.26935386734278066,0.30483141725159446,0.26101185822268685,0.3996336495487236,0.3457941137051775,0.3778438833361407,0.26007099860053257,0.3819558721578499,0.40373809921482223,0.4399371235477322,0.18308282752587407,0.1422297521219281,0.2453677797013732,0.24154706212091942,0.3392337708352346,0.3739382003912133,0.37101520243704156,0.26386046384744766,0.20112879003797263,0.15885422606779181,0.14498630141506405,0.3114813267385868,0.07662652668701356,0.23883863992928606,0.2701674824798308,0.2226019089769085,0.3189628945971005,0.29298951068587686,0.30994908757238787,0.24601004761538553,0.3393444577403813,0.3132649083622626,0.296616803434878,0.2859987123240875,0.2841325422804192,0.25785752475354234,0.3296078594025086,0.31571493109312065,0.15004586156306496,0.26582495518681787,0.3237216492615919,0.3545270120825838,0.33677565051898867,0.40335342432311794,0.23354974935796782,0.3206780612692267,0.25742348681310656,0.3497149436828587,0.34927036938037576,0.354274066855351,0.2970737418893124,0.24155569700574786,0.08390011926099548,0.21488780532823493,0.08097783874657685,0.09019456497495466,0.17348574153421245,0.036462908194202726,0.2521140418441997,0.24868776185801195,0.08485761862933204,0.06623033780628816,0.18869843180513055,0.15743751202106943,0.21455327574579283,0.2807413022382092,0.2802133053323774,0.3709861940738493,0.13517485207912716,0.28876452558627197,0.4091157368765098,0.4393777311689928,0.14396687789291931,0.061651991038860356,0.3239954354445844,0.22496016482127368,0.20733278940077332,0.11160023617196563,0.23858713073470356,0.10212589763392901,0.11056362695821265,0.12057264484193107,0.39000405162617513,0.34851172130167385,0.35475669591345094,0.34959527644703814,0.18855536446300852,0.15942077319317108,0.1532544110120093,0.32236282708391956,0.14955588155764094,0.09985591256811652,0.07938640463279664,-0.025939683952280718,0.13191300201783485,0.21796665524170347,0.18475135388693587,0.32552243007518616
Frontal_Mid_L,0.7663300833892314,0.6593574944897912,0.7411623414796209,0.7861903231441425,0.31580965695174223,0.30260631306484337,0.0,0.8257495459796449,0.756359676119294,0.6071712716109611,0.583447712630551,0.5865598028423289,0.6789340033143719,0.6359988162641133,0.524503877216793,0.5925674381893868,0.49899896426066453,0.49038637036705895,0.706548798841307,0.6326605253154841,0.05942952738317602,0.3016158890846607,0.7407588598083198,0.6613654007260878,0.4479938427975952,0.5034900155879091,0.3301027638237015,0.21886696125275915,0.4235270818171078,0.38975090567456433,0.5441573500353691,0.6002466657910124,0.7140688074050723,0.7013120181876497,0.6274285456169074,0.5404719802265645,0.28686753968607454,0.20830004846896172,0.3819263937667429,0.32119128785433465,0.021225295272296916,0.06581721898381228,0.5712975889195666,0.5297750101245778,0.4657881308314787,0.4298892969512155,0.5419494178522231,0.4639415794786224,0.45958946281213936,0.41095203553758314,0.5236065452570327,0.36778395244856427,0.5456999420398498,0.5365396393104854,0.4001500445792228,0.4132454822425441,0.5631131669709479,0.525280658942387,0.6595754261056158,0.6173609037437631,0.8009028917282148,0.6846765754484986,0.5501205150532145,0.5942628093626748,0.6915718345683499,0.7212085820977826,0.62536573798569,0.5886903991736183,0.4979180541175413,0.4685111192347896,0.5532339034912814,0.6658665559278297,0.47622733484040053,0.5139714193656637,0.5400526636858198,0.40854041328585833,0.6743157492260244,0.6747931524747328,0.4326277482658574,0.364843097867744,0.5478749068704799,0.5335362733604155,0.26964878593811537,0.40106973380315253,0.6236424487866858,0.6646301324105726,0.0728403681874822,0.24840339220907182,0.49421592927079633,0.5572912510147018,0.3723623926487785,0.34374608117080946,0.4809124516934717,0.4777780515230073,0.4012460080755642,0.3505322305693431,0.4095408125760276,0.42373739527053506,0.4950218918389768,0.5315497911153656,0.45926833482941753,0.46974618782515004,0.49503506217098386,0.5151121213974822,0.49661491525122264,0.43956235030423685,0.42101607216176595,0.4940316556030407,0.1994005313105048,0.1589867043478531,0.15840453470190505,0.25293301803990376,0.43913202463351725,0.3621160021145692,0.3770776421272686,0.5052751602549065
Frontal_Mid_R,0.733069863954112,0.7272713278545658,0.7163633572169275,0.8789849140979845,0.30103232037853056,0.3884861702653507,0.8257495459796449,0.0,0.6619155680105422,0.6087691793658746,0.5866786455025558,0.6763412995268997,0.5453805540441549,0.6908146038050437,0.4657607531366279,0.5882055723112518,0.6062372623476634,0.593425400082508,0.7178329736574777,0.7055471749637724,-0.0006515004977508404,0.3101903731396447,0.7479262423817185,0.7215738134361167,0.5000245936546311,0.5663489506141324,0.2770522450714343,0.175369090931003,0.5367461875376566,0.536246328797041,0.6178987657182663,0.6671283285449979,0.7615232209605594,0.7747255158021337,0.6434127283001562,0.5731548291042582,0.3873739332199422,0.2757674240113351,0.47480573551868577,0.4608617423986831,-0.032361593462815225,0.17758962707735684,0.6281792682619347,0.5671408657320446,0.5078605993086576,0.4900874139928848,0.6037507483556007,0.5683134557766343,0.49358249314295066,0.47992171573371833,0.5802510786827041,0.47574848568534744,0.6096597181147194,0.5990285573932516,0.5284187759143244,0.533804478224276,0.5630136698337749,0.567643840704557,0.5865760473971238,0.6612219276017339,0.7291015958842754,0.7591123222052979,0.6204098043398272,0.7135446451837084,0.5864625784371144,0.7752821650432371,0.6355810312168042,0.6865975601549648,0.5668889298492861,0.5365690007875799,0.4923248746896149,0.6605795630606204,0.5073081037336244,0.5741416961176474,0.5679605999897429,0.4473175634681237,0.7022728184418404,0.7264449681204866,0.520085592217657,0.43555276434563744,0.6327111564846871,0.6534579822912622,0.23053049404575235,0.4780401555363736,0.5766073534352995,0.7346141526833361,0.021672474597469283,0.3121468354270734,0.4814581533727463,0.6351214655860844,0.3813225590021315,0.26507556656024434,0.5462233213811469,0.3890824999514006,0.4628912235590447,0.43975103597884635,0.4909659210845919,0.44107826160370045,0.4969149515424148,0.4476280235355935,0.5833342344895729,0.491256673449886,0.5428312204281157,0.5471083132104355,0.5423972181205546,0.416295754116734,0.41628237864270834,0.5256776425151433,0.3188092017825171,0.11565158310391362,0.1787163175288053,0.2553190832454526,0.44807758580944873,0.4328063367748939,0.37426263701287166,0.5400693774460638
Frontal_Mid_Orb_L,0.5998521812219008,0.5320578207100408,0.574423176076316,0.6106317221334274,0.3925149684206132,0.37013465852312083,0.756359676119294,0.6619155680105422,0.0,0.7368265044502545,0.403294306318421,0.4254459683236773,0.5634996468987863,0.4891630399438162,0.5202105114251072,0.528829222935293,0.31077733402835317,0.3083008487485341,0.5457639704897848,0.46128496505341515,0.02419858551156832,0.16337334984732946,0.5795709793445201,0.4671594832655431,0.33745838927465255,0.34665833963485915,0.3926537563482409,0.18607323041284912,0.2198990547348509,0.2447606080170054,0.47547271259132573,0.41221737094517347,0.6106592610200847,0.5574175070207305,0.5853416439933026,0.3760427481106351,0.18009609718169625,0.07782896391325908,0.2704106166753459,0.21103219466808423,-0.0293226302701483,-0.04844673241797701,0.4714460431976039,0.32134660656673764,0.42378208930747024,0.3767232862275631,0.4413279192729382,0.3495715566310497,0.3935667274749305,0.41243542272411154,0.39734339455924556,0.333776661476955,0.4611300025902561,0.4987481922657915,0.4395922185651505,0.3576179785711403,0.41056421520688724,0.37068152884981714,0.606373418724323,0.5897395835045791,0.7447714002114215,0.6731754531796285,0.3926074698579385,0.4842469775531397,0.6327570807494739,0.6534200606283815,0.5619708539945703,0.5012287393347974,0.35747378454525097,0.2677041045000952,0.3965015807064469,0.48865569892231964,0.2857646364170824,0.3081748109862671,0.3615433250914594,0.19779739827757695,0.5116286775946642,0.48817960225170537,0.188932370865218,0.14962056796602988,0.4101957021742924,0.3412585215519012,0.29896084048750926,0.2584517817547333,0.5239666199116851,0.46941878608704607,0.08317075956701689,0.08568644480841589,0.5153587648962203,0.49337709195366947,0.42802678578585573,0.4379566962722378,0.547802167931787,0.5701269925713813,0.29969710994038723,0.25559328606179044,0.408865868136775,0.43588913287718567,0.48498991476130104,0.543140018139684,0.5061165835935065,0.538260147876833,0.5468191229750977,0.5320655426530806,0.5035579492781586,0.46725362163093476,0.4365505320780386,0.531390116413047,0.14680534881634744,0.2189913008245908,0.1968929347251079,0.29085544261323454,0.42081821988712403,0.3958998060117823,0.40905767243680075,0.40072609792716263
Frontal_Mid_Orb_R,0.5106461376217292,0.4790511877309684,0.5055475298701,0.5601282739591545,0.5148031226445549,0.4478264849324873,0.6071712716109611,0.6087691793658746,0.7368265044502545,0.0,0.337988409196037,0.43631087051392714,0.4479294148175557,0.4632466599708099,0.5725141306515178,0.6340273931517038,0.2832972886186104,0.29814199493078797,0.48885393581265935,0.446207558810852,0.06985777528410367,0.26770673033385206,0.4819649114223718,0.4447977209394874,0.2294042801513372,0.3489597070287177,0.5311260885320099,0.19213645497100473,0.26375937013866624,0.31806152668221777,0.3879636090032257,0.4294473598066817,0.5270874970362336,0.5501748221466386,0.48814911926896126,0.37325352508319093,0.1932688726475455,0.13209193361048877,0.181149319196529,0.2586539319887613,0.026332148110969435,0.0519898447981559,0.3400726824849343,0.22902170176611117,0.35026215272714195,0.34500909290759296,0.3727909923680506,0.2548122924023058,0.32649538783083687,0.34207523015439967,0.37395298778178904,0.31780937181267294,0.38225464875959136,0.33240151782107463,0.38899432691555264,0.35888986524778393,0.3157617123709005,0.36779490744328264,0.48423195143314646,0.4913141895091013,0.6010113563368404,0.5664136158761609,0.3986688304943952,0.49957600727751783,0.49788906853031845,0.5388557448846532,0.44335864843796197,0.4285955890946512,0.29539991479293765,0.2430122911317796,0.3151299779671598,0.4096531574864746,0.19103791472053006,0.2352085205017014,0.2960889813189965,0.08133689505470613,0.3851865675985785,0.3881637364194266,0.19311834574695513,0.15618378510108083,0.39555032604284973,0.4077279611632661,0.24288163892791315,0.3519980634514991,0.4776571710284477,0.49178396436373145,0.12754960012051367,0.16861344415992116,0.5255991324973841,0.5638836493932977,0.2706962512595742,0.2727548740728109,0.49909433314728263,0.4387311042318899,0.28298286241236703,0.2411829675888765,0.3787883515556727,0.3505874831168779,0.2827484682679435,0.3596482728449823,0.45809509339780774,0.5921828902569672,0.4535023197420943,0.5176973481270821,0.38140032999825113,0.3744326710080802,0.2231757048981621,0.444422875567356,0.17436288973852773,0.14345939405816627,0.20411266029609998,0.18652790962581595,0.29934751746373106,0.37649546378115184,0.24879549841637974,0.3486249071970061
Frontal_Inf_Oper_L,0.700775017482448,0.5325467880661167,0.3948857039437858,0.49581195445336246,0.14744582880527332,0.16018571102935367,0.583447712630551,0.5866786455025558,0.403294306318421,0.337988409196037,0.0,0.7653045082764959,0.5072128230492917,0.5766564741507146,0.42554812206661746,0.46368826548269193,0.6889436618635156,0.5712579851625114,0.5849768142902577,0.6075679522233777,0.056646968879357794,0.28413421226614677,0.5178736616406934,0.41163320388678903,0.22935994833651074,0.3910279616278204,0.0740259984465257,0.0023988992211872173,0.6522050367552075,0.5999065139055996,0.3986022214109334,0.4314036622191546,0.527313081074589,0.5709431682747589,0.31676767493647046,0.23825896768418023,0.20523239413206978,0.1564459887299552,0.3334722396334861,0.26078012914046056,0.11291916396216854,0.06257248658304085,0.34103956436932337,0.4083231497635765,0.21038968815227746,0.2793156342872641,0.3526640682460706,0.3531209009841267,0.2878618507549575,0.3668324340759552,0.36793581502463946,0.34216864416867204,0.36168371117394427,0.37868489326901617,0.21409765092620958,0.2610651638918249,0.5606973672760678,0.5312406335242484,0.44810659579775347,0.5448451491070068,0.5814562266892134,0.5487623843158154,0.6865115436376953,0.724934788311432,0.39256493236756224,0.3854646002519818,0.2670659978803812,0.3425892835226562,0.4263153838471702,0.42843914065305855,0.553571642217681,0.4956466995126859,0.5386667459555559,0.5278553760892676,0.4728260473821833,0.47165501286600514,0.4981792299524368,0.49048671643908887,0.650139613793049,0.4139510265312348,0.6144353219628793,0.5129680202653615,0.17772349665279868,0.4515615401080506,0.48244994786608203,0.46345149724295687,0.11951798826995046,0.2597522295921941,0.2787580502471307,0.3702265106824569,0.1261476307452212,0.05971872164516228,0.09426858568700512,0.10751040289615367,0.33002354086423913,0.29786810852449985,0.3163991338515143,0.2259013036140823,0.2741875649617143,0.21074306351128982,0.1470499973991448,0.13795684264656605,0.1963595048316657,0.16943039365775658,0.19576278913614273,0.21244582409631438,0.14665648423553754,0.2250880038795814,0.10563941562585334,-0.03312679238498158,-0.05324656334906175,0.10253175477880824,0.3234928321874036,0.17609246694121355,0.25184429769573413,0.41882072078648735
Frontal_Inf_Oper_R,0.657778769883988,0.6354738554422613,0.47057819173212995,0.5582932763317063,0.18925931185140699,0.252829197892212,0.5865598028423289,0.6763412995268997,0.4254459683236773,0.43631087051392714,0.7653045082764959,0.0,0.5769391879541701,0.7662065895467806,0.4936109502882624,0.6029759927155957,0.6899080093319347,0.6862784348183926,0.6139638557704006,0.6757036608413317,-0.04231150928885975,0.29507641124913797,0.5637637308979543,0.49383080215026154,0.32375685380462305,0.39082849458591146,0.19310948935585737,0.057885309552040395,0.6804136615404872,0.6928800734962008,0.4269502231319774,0.5194289481997827,0.5827961871147148,0.6236655096615037,0.38305187911016314,0.312249926096433,0.23137630164227097,0.1640717970093183,0.3577992907503256,0.35837699978299464,0.031633072594744044,0.13179029853458277,0.3370256235757261,0.3918721758332363,0.2305903448206826,0.3107911704732643,0.3795434814932138,0.4111191007603821,0.3363437157782556,0.3821744561485514,0.49787214846000144,0.43642993264146696,0.48771695550973965,0.4679288250125941,0.32064240663809634,0.40961577484822226,0.45738953917912284,0.5505243812654234,0.42873170278666967,0.5516966003871187,0.5627474797894255,0.6064409449488873,0.733053638711696,0.7575554594925047,0.3970266576630459,0.39848931562836687,0.2987293292009411,0.3671110498713913,0.4468874977838973,0.44165553348161835,0.5500488696931781,0.580612299141558,0.5976987551812072,0.6402624765556802,0.49768225092207913,0.4955506871224414,0.5795420678260471,0.5725690741156001,0.6579995216425766,0.5233784819132767,0.6708509429845539,0.6858338017247417,0.16074627238979772,0.540892767398248,0.5520316983101277,0.5960508815203495,0.07472526016627005,0.3272201498794032,0.42541239675010045,0.5369899897531992,0.10250226608399331,0.03891416116391084,0.22562662168505968,0.20168159593622714,0.36610100590047323,0.34253669469589204,0.3382385142310321,0.18771435776284548,0.18467828242101414,0.14498498215408454,0.3123485158434103,0.32669462659430465,0.26542011121503534,0.27724056677595055,0.22359122935842826,0.20483768209389466,0.13988955276463183,0.3498168467806175,0.1868046430040676,-0.030884216226673002,-0.052612996934210024,0.058361763988167184,0.2910247725431097,0.27281578486191227,0.21722725158022949,0.5125082508362163
Frontal_Inf_Tri_L,0.6704873460752722,0.5265025073251786,0.6623982454698035,0.5161040863066378,0.24267280737458172,0.19327308102340268,0.6789340033143719,0.5453805540441549,0.5634996468987863,0.4479294148175557,0.5072128230492917,0.5769391879541701,0.0,0.7359771644851237,0.6323525152576579,0.6166367191338585,0.45574778201866883,0.4934335848030457,0.63650326041489,0.544245901474783,-0.04730537164254995,0.24916993829886575,0.6112545478370687,0.5661804086749702,0.4096779041624479,0.31905952286163525,0.31319425554308783,0.11349731782361487,0.4768391648163926,0.40148540926001663,0.28376056162058116,0.45080350128814645,0.47251187563299973,0.49261743254463775,0.47812127527585624,0.4363716513401442,0.19683263091695932,0.1701687718933783,0.3026946423249589,0.26806494963979255,0.21067888665037596,0.10478557935876007,0.28837376311322627,0.34386948323316585,0.27202682020617946,0.23827711924703066,0.38763426359189923,0.33538048234043955,0.2615758438799189,0.28558914420854825,0.4217857042795551,0.2461586275929964,0.4997096952932217,0.4809997910138423,0.2802087171484805,0.3692341404969423,0.4366201534870163,0.4570022456162731,0.5545649701347478,0.3646892910102161,0.7060601906034307,0.5913417182133399,0.5353207301980207,0.3881038470042718,0.7048083367423552,0.4724032192052794,0.3194977840623594,0.2287673886181543,0.46337938157389724,0.4630803900791104,0.6063564977642597,0.5631725064812411,0.526698884031179,0.5386955024836584,0.5329919009176385,0.49288632142035677,0.5173500925388612,0.48107391791377563,0.47752962174580615,0.42327088557082637,0.6014210296574541,0.5808959102557152,0.37025396609915195,0.583096313691033,0.8077057169120228,0.6182496488397723,0.16782736356592837,0.39240875359969046,0.4736836761863387,0.4491341328581758,0.05799767215107836,0.12103263207357051,0.22855966758249907,0.46173585823705887,0.40164177871831974,0.26762108202349566,0.34798423297638126,0.3082317109770743,0.1676092158294535,0.3675076389729823,0.2545795237431449,0.41067928147669586,0.27781996687310045,0.3691516932243553,0.19876449034241725,0.27766465542807195,0.0809270884181076,0.3260759613375077,-0.01144396922755389,0.1429974259397541,0.06689452411837406,0.01619832519223526,0.22152878880894136,0.2031306547002436,0.3125688254470179,0.5323981151832954
Frontal_Inf_Tri_R,0.6321639101525269,0.6155933598397877,0.5998996890060021,0.5980733513008387,0.19008301913416525,0.2436403500447926,0.6359988162641133,0.6908146038050437,0.4891630399438162,0.4632466599708099,0.5766564741507146,0.7662065895467806,0.7359771644851237,0.0,0.5501913192449589,0.7267271740185519,0.6421047417905056,0.7258173283700888,0.6033750487436444,0.5744851582030884,-0.13600608182203947,0.31418566582426233,0.5945797841434629,0.6116083366647996,0.4297097863322249,0.4221716772794424,0.2782607305234459,0.12206477271100197,0.639201772581133,0.6571948159849965,0.44367308990465004,0.6100974839646343,0.6067660156033292,0.61766962224807,0.4877853217840599,0.44866377774967925,0.26037494378211745,0.2579286776492146,0.3952305750295271,0.3686985848632184,0.06126415847992857,0.14734253874183356,0.35789160319095575,0.40449227538269183,0.2723636437557693,0.28487148046688,0.40692494197378964,0.44009195713009763,0.32508330989976686,0.2738863827921492,0.46684047851551597,0.2976516840844047,0.49941234090006886,0.5071916000083384,0.32701249665063364,0.4073168362649329,0.4586217443023462,0.5306070632023767,0.4954812848303822,0.45685061439549046,0.6060028996450297,0.5928223661633933,0.6489331713056142,0.5812494046777976,0.5182930894464335,0.5018776097824479,0.37224155559928024,0.3770436773139364,0.4232291829446968,0.4291914438429975,0.5874826268091352,0.6386112755086386,0.5863192805734528,0.6437533854700975,0.5783063184076556,0.5700075087139459,0.6147112113594607,0.6061586003652272,0.6423416552514046,0.6145339396644764,0.6658700643362016,0.7260330649783902,0.21773889443730005,0.5848730167959874,0.6617712569972612,0.6935734216385981,0.006230391917024737,0.32578978297647754,0.4444505739743647,0.5377849512322509,0.10241430690123293,0.07365622100605299,0.2565185079477917,0.31890152076563233,0.4235142774604772,0.35609981243882366,0.36221170264923414,0.2864458192477857,0.21168483470643978,0.25807218936294557,0.3070415852383862,0.38698536666310784,0.2795196269121193,0.335013058291684,0.27281487870830573,0.2729454621455139,0.16222153863588978,0.3706140886048838,0.18545418543790304,0.06785444642519693,0.02769904726294857,0.08441632756863351,0.22978969765385038,0.2481660344691215,0.2747614342473198,0.5673664903430079
Frontal_Inf_Orb_L,0.6096349641734565,0.5803053585522524,0.628855542074329,0.5210681114089493,0.5526461751291433,0.3984995396375769,0.524503877216793,0.4657607531366279,0.5202105114251072,0.5725141306515178,0.42554812206661746,0.4936109502882624,0.6323525152576579,0.5501913192449589,0.0,0.7857366269099502,0.40404160082227264,0.403309996312029,0.5854490711534874,0.5585442335789808,0.4020496376965305,0.511513935431951,0.6715703961546515,0.6396040236821753,0.5497137430357453,0.5559103598552554,0.5663420947909904,0.11352814504994328,0.5692516193178696,0.5162071175544863,0.538110681667101,0.5780407179251623,0.5965929633147153,0.5830303452208009,0.6259350549873636,0.5057162359594515,0.4653404761340966,0.3861553538470137,0.3352426117132644,0.5082022226466175,0.41108244239854,0.3126194617073578,0.36226896055354896,0.40248077619332373,0.45475502579460836,0.4108649020785968,0.4693984379681111,0.3215483779143044,0.42196376593364593,0.4080095905659644,0.48908378345302067,0.3382120603693879,0.4330369643160642,0.4098072993834192,0.4953905421362234,0.5404234912160614,0.45212114820590965,0.5258873020416239,0.48754972849252187,0.3996302696612789,0.6308764197492015,0.4977133189396913,0.560935391285904,0.45538896111174976,0.6189445662617796,0.4373858246548769,0.397258471113503,0.35490661210867086,0.4035045659804203,0.3992610628491557,0.5047766909419076,0.5856719672143706,0.49266441442081116,0.415400356023828,0.5316843046913535,0.2860376556243192,0.5229517088465375,0.48719200283965547,0.3685073361875437,0.3626755575878586,0.6095490876610108,0.5290466229795798,0.6064129407645775,0.6840009674958902,0.723798068391543,0.6526215075884786,0.43268627790937814,0.5679016247887024,0.7009141704811221,0.6061403682468138,0.0792778493480517,0.09814970962255526,0.3090357769486748,0.43240356062345103,0.4097416450622179,0.3866571142973148,0.46269037745253483,0.3246406483667822,0.17108265263169253,0.31340937523345214,0.33499670446443947,0.4601961383818708,0.41720036354697915,0.42556977608052704,0.3014957039327917,0.4424993652580075,0.07975863001680442,0.299236890821856,0.052265403905946924,0.28499976435818725,0.17309202321328127,-0.002407397883921924,0.19063291917850836,0.40092131041516244,0.45640906827170147,0.6138301454167531
Frontal_Inf_Orb_R,0.6422200786643648,0.6084464465608038,0.6217774300726149,0.596042296030677,0.4138356283283494,0.387968549433869,0.5925674381893868,0.5882055723112518,0.528829222935293,0.6340273931517038,0.46368826548269193,0.6029759927155957,0.6166367191338585,0.7267271740185519,0.7857366269099502,0.0,0.5076564954412353,0.5870258337498592,0.5990831157343088,0.5524484521445806,0.18734750140504083,0.5427082397645819,0.6094090017152289,0.6547971987511456,0.5067011083833284,0.5574303106467144,0.4874326814645578,0.20036751409469192,0.5859251811100118,0.6182369833971842,0.5105636887937329,0.6142374650530256,0.6215728327191492,0.6195760444819748,0.6053231728921238,0.5385885102906612,0.363047439676821,0.3661059577350544,0.36155858653398315,0.49498634098269156,0.28099204434652714,0.23019392585597742,0.3413687638101192,0.36583626279716214,0.3716220851182864,0.36310174829254876,0.4464923590090697,0.33664672158581777,0.3968767866850835,0.3109504382432,0.46378163414436685,0.272302048109464,0.4228686144526991,0.40548344397706193,0.40130644752226424,0.47994948457787656,0.4989188275247084,0.5423667798824423,0.5014442652463446,0.42251649780181955,0.6260049518982135,0.5347157161715992,0.6019652231201661,0.5450852165586482,0.5308705505883288,0.4732735570780671,0.3948385594023463,0.36194899020976823,0.3728843864202067,0.35835318498706,0.4948683346216992,0.6178187124603425,0.5025271349814339,0.4901275740202982,0.5218907982517045,0.41087607537913706,0.565951335309459,0.5392036528944462,0.4743182218856006,0.5454385528214253,0.6479200877216916,0.6567953753645773,0.4980237782318896,0.6334546796747771,0.6412979169690951,0.6937354290662973,0.24729909920118195,0.4441577491459443,0.6004948515207472,0.6324263365485027,0.09936330029180664,0.07848631852101334,0.32238459070246217,0.38981119097577704,0.38445490065691973,0.3920552890480284,0.43616535241746873,0.33891793683989796,0.202764578737838,0.29485745784585776,0.32772514052221113,0.5032696798988335,0.3887322363307054,0.4451311140144221,0.31633633738059364,0.37989163410978766,0.16329933960169746,0.3719762271966656,0.16610674709737566,0.2784399661645208,0.1989745690527772,0.04839720340771759,0.16776580285481274,0.37169905827349103,0.36709630647112723,0.5866483484766601
Rolandic_Oper_L,0.6617223617742146,0.6383223813390626,0.43779374400941057,0.5252376838876343,0.07293211800653479,0.14515731293435535,0.49899896426066453,0.6062372623476634,0.31077733402835317,0.2832972886186104,0.6889436618635156,0.6899080093319347,0.45574778201866883,0.6421047417905056,0.40404160082227264,0.5076564954412353,0.0,0.823990902222775,0.6788723832583851,0.6450161742153778,-0.1362496620554171,0.2846770758725461,0.4719744481089978,0.4232437435413913,0.2973940714397365,0.37189006507885103,0.06578600358777362,0.06378373155069224,0.7677682251382337,0.7454737097482371,0.4164424093784084,0.5061959842674126,0.6217822802661507,0.5990588505800271,0.379815699575492,0.39929922957174224,0.26006119308373626,0.20414250554983587,0.5116083214588298,0.3713694742522772,-0.04727925540638953,0.1768332968925757,0.47529110860747104,0.5954002738095141,0.31377212637901497,0.4357908919113584,0.45425213596006575,0.5260928481677815,0.3043300085206756,0.36027974705426763,0.41926614501424736,0.3290395126615256,0.4196898561843939,0.4653120816630836,0.4267729288810586,0.4125790078758393,0.7231967137249513,0.6891763171399141,0.4851185067522482,0.44302021800956637,0.47708047097362705,0.48323928517913034,0.7451758219198502,0.7160598160787323,0.3514992165553747,0.3731322750373422,0.34735025031002653,0.4420591667065023,0.5177507649626913,0.5714023016432664,0.48904840204381433,0.5259522314329051,0.5760363355745075,0.5924203606536005,0.5889317512455198,0.5711764061040528,0.5253294188576532,0.5301795345133149,0.8594372850254451,0.7239033888832954,0.7490914450493172,0.6703069049711353,0.15488964229665342,0.4894501883854855,0.535004109714573,0.5513932118215448,-0.021793577321526557,0.26145054428569936,0.32249406040907685,0.417141477326004,0.09256257675532623,0.004644752382234163,0.1574653623083659,0.042962227189965126,0.5234094758880571,0.4728459087480639,0.4419823477430348,0.3768314277060989,0.27311904282921184,0.20659002631850024,0.3035801882762217,0.21693698056759644,0.29604738091240695,0.3001924648173346,0.2557437059083375,0.1892099773994873,0.230824134958169,0.2920572038491451,0.31834647961112056,0.012356496257882668,-0.030438945492477058,0.11541781229532978,0.2815838509339124,0.29520802974988847,0.19330253509694068,0.5098193766027893
