,Precentral_L,Precentral_R,Frontal_Sup_L,Frontal_Sup_R,Frontal_Sup_Orb_L,Frontal_Sup_Orb_R,Frontal_Mid_L,Frontal_Mid_R,Frontal_Mid_Orb_L,Frontal_Mid_Orb_R,Frontal_Inf_Oper_L,Frontal_Inf_Oper_R,Frontal_Inf_Tri_L,Frontal_Inf_Tri_R,Frontal_Inf_Orb_L,Frontal_Inf_Orb_R,Rolandic_Oper_L,Rolandic_Oper_R,Supp_Motor_Area_L,Supp_Motor_Area_R,Olfactory_L,Olfactory_R,Frontal_Sup_Medial_L,Frontal_Sup_Medial_R,Frontal_Med_Orb_L,Frontal_Med_Orb_R,Rectus_L,Rectus_R,Insula_L,Insula_R,Cingulum_Ant_L,Cingulum_Ant_R,Cingulum_Mid_L,Cingulum_Mid_R,Cingulum_Post_L,Cingulum_Post_R,Hippocampus_L,Hippocampus_R,ParaHippocampal_L,ParaHippocampal_R,Amygdala_L,Amygdala_R,Calcarine_L,Calcarine_R,Cuneus_L,Cuneus_R,Lingual_L,Lingual_R,Occipital_Sup_L,Occipital_Sup_R,Occipital_Mid_L,Occipital_Mid_R,Occipital_Inf_L,Occipital_Inf_R,Fusiform_L,Fusiform_R,Postcentral_L,Postcentral_R,Parietal_Sup_L,Parietal_Sup_R,Parietal_Inf_L,Parietal_Inf_R,SupraMarginal_L,SupraMarginal_R,Angular_L,Angular_R,Precuneus_L,Precuneus_R,Paracentral_Lobule_L,Paracentral_Lobule_R,Caudate_L,Caudate_R,Putamen_L,Putamen_R,Pallidum_L,Pallidum_R,Thalamus_L,Thalamus_R,Heschl_L,Heschl_R,Temporal_Sup_L,Temporal_Sup_R,Temporal_Pole_Sup_L,Temporal_Pole_Sup_R,Temporal_Mid_L,Temporal_Mid_R,Temporal_Pole_Mid_L,Temporal_Pole_Mid_R,Temporal_Inf_L,Temporal_Inf_R,Cerebelum_Crus1_L,Cerebelum_Crus1_R,Cerebelum_Crus2_L,Cerebelum_Crus2_R,Cerebelum_3_L,Cerebelum_3_R,Cerebelum_4_5_L,Cerebelum_4_5_R,Cerebelum_6_L,Cerebelum_6_R,Cerebelum_7b_L,Cerebelum_7b_R,Cerebelum_8_L,Cerebelum_8_R,Cerebelum_9_L,Cerebelum_9_R,Cerebelum_10_L,Cerebelum_10_R,Vermis_1_2,Vermis_3,Vermis_4_5,Vermis_6,Vermis_7,Vermis_8,Vermis_9,Vermis_10
Precentral_L,0.0,0.5098145117308543,0.3892265833887557,0.23212213840149173,0.1189091944285988,0.016238573410294548,0.4094564790062403,0.14171306554523777,0.11507677789290464,0.023994664832871368,0.33966763052638904,0.33038135189325984,0.3364372843238154,0.24625503503744364,0.18045797396092467,0.1417027641093057,0.1983267119189971,0.23124626721303743,0.5244266496347554,0.6595409544232322,-0.10252499028205939,-0.047277312102324553,0.2160213713085535,0.23893284652830726,-0.023901321443726316,-0.09119840361070176,0.07149177627416482,0.09828960972961424,0.139957028547255,0.12502710414098225,-0.04390312270861007,0.006398457096316873,0.516499340019914,0.32942619130942685,0.10664966590689758,0.03271791814210501,-0.18776212473494766,-0.21547480894397716,-0.12553820122712858,0.0007919897237060504,0.046733975672946015,-0.039681403797105955,0.0328607961839945,-0.0035061120224886702,0.2049289253061944,0.20713006402426876,0.10360259794240259,0.05609642167943775,0.12209832963827857,0.1538120319581672,0.06868894270901446,0.02728980259884231,0.0167698752263614,0.10782315855556295,0.0546659364605795,0.127965386942281,0.6354833946403697,0.5093749535846444,0.6221163962857504,0.4056785099915921,0.5261458865813209,0.31880694124084463,0.3438845303335864,0.3335139375341711,0.32659677641540574,0.11918250029974337,0.4771092081276376,0.32149210908739184,0.5709279406050047,0.451057873168487,-0.2070029988946911,-0.11500114411693045,0.04261528252995201,0.052412002153710495,0.03911556801903647,-0.05335602260385749,-0.012128499738275808,-0.08142161023852235,0.0062902549595428145,0.2465384993610936,0.14546125934225868,0.22142027019990992,0.12373482165915917,0.19967370732553433,0.21244104733987998,0.09867140716689696,-0.027985906207326248,0.042066314491991504,0.15478405217588698,0.23637974368195433,0.06803546647733334,0.12934145092871366,0.21362765021895155,0.24154352564062812,0.23969545122494357,0.12376931474183454,0.18294974607700074,0.16407041017621282,0.13193655411293637,0.19709875204665933,0.2764492109314076,0.28373757956358847,0.29962779899174447,0.3563002002920865,0.28685933913025047,0.27975961930142573,0.11921653865576806,-0.11669145102051315,0.1619066424197004,0.07817809998739758,-0.056572830252817764,0.15649039886349672,0.17424039747735523,0.28406975244109406,0.149465216327414,0.16293762529752243
Precentral_R,0.5098145117308543,0.0,0.21123943989124552,0.20977554577401866,0.3112790292840316,0.2930031777682531,0.3064262935951105,0.4292864144953939,0.2909474888490751,0.19501734006459945,0.4140924423386868,0.37634312406346065,0.40305944559661694,0.1680367664603457,0.3810079098929802,0.39632125878137625,0.5005557233373961,0.57600549122996,0.341386525131933,0.38228159216063295,0.19715782383760655,0.2523952115613119,0.09614180108155958,-0.01293554904549837,0.3178136037641671,0.11501371126321917,0.3533757376956894,0.3771599195102034,0.366309494482524,0.38049719447504665,0.024257654773525185,0.10211702951992378,0.19545219747174988,0.11602819419167651,0.11948674489256665,0.10833244746937111,0.08263882676999197,0.14277803664022448,0.1979279252275624,0.40916197132818005,0.20081764082575512,0.1913151692413966,0.31029735805861514,0.33355635429135166,0.35538050730120885,0.4361315438817891,0.4455827999436762,0.39936091189837636,0.16024096329285428,0.3528721643829153,0.2798458331585994,0.3741939229252108,0.3454788358766398,0.38302313118303244,0.2975502158410344,0.3776470145868925,0.6350172431268442,0.8066983691306991,0.2390628194218958,0.21019145467508826,0.1515317051980758,0.007542004133794795,0.43672909519703873,0.30167273277614653,0.19565948692808444,0.042103801466258764,0.2307650668264445,0.11688591403711433,0.713934183309211,0.6873299544974276,0.028672693293535268,0.028373572030882137,0.07498636674629501,0.21344329366099926,0.2322690628042178,0.07226848200740664,0.11453702981337885,0.03170775636314887,0.28615621673503316,0.5302133547464362,0.5406947175713975,0.40722573354579256,0.41768063955152623,0.498449884174668,0.5150677994958993,0.382900443346596,0.32738766498542443,0.3818245289223246,0.32127571140116945,0.33240683887534295,0.04159901383849972,0.0819315638994628,0.024156531223656887,0.05049154315180719,0.32115227827684056,0.3208666396445988,0.24713869905409686,0.29297368885750363,0.1738123549760538,0.18565049116271243,-0.0024228868989532005,0.04973635028529828,0.265764794733676,0.13094807488147986,0.08823775797848342,0.11771831837857814,0.06771051161179938,-0.05507134123090661,0.04048703674054722,0.15041284267015176,0.11011410833909498,0.23563449456877558,0.2341699207553812,0.27217714852059305,0.15871998537489032,0.2354622946815119
Frontal_Sup_L,0.3892265833887557,0.21123943989124552,0.0,0.5968892535403205,0.09883492022136695,-0.019691134300831727,0.6742949545954798,0.3742498804410466,0.29475478766147195,0.027824321147648743,0.2397136852122302,0.21620728712113352,0.30266597721729155,0.23890957070798127,0.20717806359080249,0.15408918185495418,0.08065308380171857,0.08339170703339517,0.5629913653866948,0.45376945359421866,-0.10490325536527718,-0.0769161998869249,0.7110609601625153,0.4981759233917957,0.2108894674173048,0.1016381171047806,0.05038604207486349,0.04692570173091272,0.07652647055806948,0.03130148926079197,0.27746653987162234,0.32731846970032735,0.3349272117507061,0.2511361065947578,0.2184929883646697,0.05516000794394825,-0.09843829199595625,0.007303850717448394,-0.08223883494579257,0.01684661338758635,-0.0850633878574714,-0.06645235639877708,0.07727265012639717,0.028585872401984746,0.11249167076917228,0.0412777982930799,0.15426356091193433,0.007970098775526277,0.05419490440977925,0.014327646801454428,0.031158951285594788,-0.06691354525492885,-0.06107486274441065,0.06560854339081715,0.07413315454723053,0.07186626302438659,0.16094714205912852,0.17152536079519173,0.2330268131716204,0.13868241471940812,0.19981292447413734,0.13058490792244207,0.14528708431496667,0.07282471756892021,0.4562307800059285,0.2894901612713792,0.37480703942682675,0.17578364744777147,0.38878777975544193,0.23019642706096966,0.11017546967868933,0.21235289614545397,0.2571608719446957,0.23314658870441762,0.16984006179429814,0.17354199698074885,0.1408927709855843,0.07034026419231608,0.07479199396013386,0.13483505685656644,0.04552404539470535,0.1792499047709235,0.03620827729013059,0.20255717561569922,0.1944484721038767,0.19638124058083062,0.11052112927046383,0.137453773183981,0.06990567052428599,0.18787067516126593,0.1676034688488864,0.23520910497156639,0.16541587749040795,0.24757833936667764,0.22105651585145947,0.13016712559719243,0.13435892292661591,0.18397711523183713,0.1473716209310154,0.20027883805428115,0.23180637079854607,0.17521266371041389,0.11533194346539134,0.20833149573762433,0.143384918247914,0.10881369639107369,-0.017378083697585308,0.04930362697070363,0.17893071673250982,0.12718986188173012,0.008718278485103311,0.11192673086433724,0.12246663088909984,0.1124701685059925,-0.0310024505707828,0.01546683535926475
Frontal_Sup_R,0.23212213840149173,0.20977554577401866,0.5968892535403205,0.0,0.2103627737683093,0.1821542858807731,0.6252424490119448,0.6073136925294779,0.375239597558832,0.3533131198112869,0.14983875706433397,0.3895616332413205,0.1861544420813725,0.2051360186192152,0.1449827908184641,0.2788914496156919,0.1562623219189019,0.24671580673196428,0.553964501448472,0.39770288920542435,0.023863563888389564,0.06609343620949118,0.6559511782839859,0.5545388696864865,0.21081606602863412,0.2944858989193601,0.18414133396336166,0.2202096082214979,0.07870547524259612,0.0186538645550445,0.3823888631618366,0.469578105397526,0.3651665735257884,0.5371369200963674,0.2110415163015426,0.1872899281821993,-0.13914828190938458,-0.02297899053397657,-0.08842806158248781,0.06344138876000861,-0.0298018829980098,-0.20260970738185735,0.2910049078753143,0.09051456388052363,0.3588356666123024,0.2290110399438237,0.23357180109372616,0.18307994072255382,0.370235803793134,0.2823385676435442,0.3071681191198,0.15746973769990735,0.04021374315668866,0.2004353777651685,0.14656697388150153,0.16504152071303116,0.2136310982902074,0.2640957844590891,0.34297374487251064,0.43902187388489866,0.2968735632913735,0.4528086764612318,0.30344580951729133,0.4024085690109932,0.26798766082504405,0.580003432108751,0.5962310838507122,0.5477927841080512,0.41353393232140984,0.3390952914879148,0.07286373237496278,0.10854277678929239,0.11498976806044862,0.12097328060393459,0.22158666432770424,0.17782181052083448,0.11500460810348372,0.0920402449621846,-0.05634365432512598,0.07813187472660384,-0.03937981192738791,0.12992232468663556,-0.036657724428236976,0.1743107351810117,0.05646540091088567,0.3016442729198825,0.030676362281551458,0.1124076163674436,0.07270084595741004,0.29913313533143365,0.45611435185592075,0.4857134986494989,0.21799101550693434,0.2347998315041103,0.16039623058798497,0.13363315589943436,0.09505373824416655,0.20676564907660372,0.3399110948556284,0.29758642630270343,0.36609652058759495,0.19769654468218287,0.3811114350723804,0.3192032230149922,0.18568378908707292,0.07848428361560156,0.0568822247000962,0.19062923996901696,0.17957098855356513,0.12889974488882702,-0.02375375106017805,0.16213468265883013,0.30675412365257276,0.0892474052756837,-0.0740144887402238,-0.10395302572474886
Frontal_Sup_Orb_L,0.1189091944285988,0.3112790292840316,0.09883492022136695,0.2103627737683093,0.0,0.7006736372357462,0.3004190762973579,0.39864851921367817,0.6547616192142409,0.7321674926586066,0.11916112477074503,-0.006022946178183359,0.23049589353150976,-0.24837552368874752,0.6855076711204947,0.44741342843939774,0.21721570995962888,0.12113687799415468,0.13705673293478166,0.10242932383023293,0.5239092802345031,0.4623465337238787,0.16244954289074362,-0.06037130588424896,0.4188665306478044,0.41857165977161503,0.7965326809719825,0.6537400535865906,0.220695664472134,-0.03266872120595662,0.01788467429210248,0.1887174494389618,0.01210364535468419,0.06411155762434768,0.04123582198324282,-0.02780884433317792,0.09450857752031519,0.007581474352984122,0.20772541533727093,0.38608255602572367,0.003582421308682855,0.01682843747962742,0.47259903248581164,0.11774322831386573,0.2801257385388722,0.2817840340073912,0.3909868800092867,0.4068063144513864,0.3042988274516176,0.3542785741571398,0.4088707130852893,0.4770912397525432,0.5654993336284725,0.6053782618038163,0.6178834386379333,0.5185656085859139,0.1919423577616862,0.27745512799093586,0.13206229455585558,0.1335299165902235,0.1395444680873773,-0.001566011332450724,0.26213963708835375,0.07793711221812985,0.14213310006440336,0.14466947449869663,0.10056268945474944,0.06354355507453946,0.23025631245110809,0.22571279607098915,-0.014839271575468521,0.06734321091828548,0.1570551520746668,-0.06407107349588846,0.14046113724531625,-0.13098333828037984,0.052902061540336644,-0.11089350063921201,0.13313964892066532,0.05400882332782503,0.24207682267380648,-0.05414522001555949,0.15560493403799494,0.26774525163736224,0.4434209928627214,0.23985214076741548,0.25895419420948007,0.41154878864882793,0.5251945593874461,0.4707025151625679,0.4205975589863196,0.3850185967153434,0.4503438679947421,0.43249970194868587,0.34049828158507,0.2438427354133985,0.27051184431151715,0.2719922075257474,0.4111771646185971,0.38291722087941377,0.3385993715068719,0.38400901864435266,0.494504506757721,0.4033535492821509,0.3710409844222483,0.35730592691701885,0.45321901166504364,-0.051782234222682695,0.11763214871903799,0.24668317458315556,0.24817510288132683,0.4125524658253788,0.5377841223409082,0.5240221098787711,0.3133540963357024,0.2877438317421549
Frontal_Sup_Orb_R,0.016238573410294548,0.2930031777682531,-0.019691134300831727,0.1821542858807731,0.7006736372357462,0.0,0.19053282693986065,0.37666755792569107,0.6065052216297235,0.6881735075176095,0.047151513533993106,-0.058208035550263576,0.16178089268319823,-0.266168916848909,0.6195167835109222,0.4893494955067959,0.16292465109433935,0.11401633026837425,-0.023663187078793772,0.007114943811168928,0.4907505329993182,0.42837226308850174,0.08559239000249233,-0.09718415546386511,0.41953286839328563,0.41837536917920665,0.7306107050809127,0.6434740791315419,0.21806291615397477,0.009231674279071653,0.12379054590818914,0.1572544889732884,-0.03614116179403265,0.13104544448236985,0.04323894989095754,0.04515639070267931,0.11789707981508056,0.04430400868781369,0.1697558001978473,0.3515857951070417,-0.0358171665873638,0.009315514323837527,0.4543978985587602,0.23416264371554393,0.21963958537873018,0.25399129080119376,0.3404113577660643,0.4003182800449602,0.2682692704741119,0.3125550436285299,0.37865928183335984,0.431271730100233,0.5585598681193987,0.5660449022438618,0.509162726665784,0.4393333174116276,0.14344416513808056,0.23661430933970581,-0.016589363343374956,0.031092524061675956,0.003901343950769796,-0.05251916946047527,0.20906149141925093,0.06466227162850498,0.03217391248122616,0.10560626362411214,-0.0013670940275161635,0.018425489837030233,0.1919539919292611,0.24820194503741813,0.0756556403818225,0.11046561539547449,0.057283335510886726,-0.038781417800750596,0.12204646631811368,-0.18817140777386737,0.07922363958794966,-0.08169581794303596,0.2390113640081471,0.025643471640397132,0.26075106762609906,-0.01661185246598418,0.09200855995883969,0.24960592640943566,0.40978944564771835,0.2567590042797103,0.18739385603016898,0.35744552841988697,0.41939031860589177,0.3884911795257771,0.3413031816654591,0.3062070359446008,0.2903743359424061,0.2301774760169295,0.2165598806853957,0.2054922827326813,0.22560761299042076,0.21349284550832073,0.34626644547428875,0.3369940432541948,0.18109544656891757,0.1961231957133339,0.3312504294943436,0.19068597717383556,0.2388535123245526,0.22086760492165067,0.3822929892781708,-0.029228065175092702,0.09267491899497098,0.1753224442751479,0.18360981970263232,0.37850145611488334,0.4390592322968162,0.3959407679614516,0.2560425110291355,0.26145948036342154
Frontal_Mid_L,0.4094564790062403,0.3064262935951105,0.6742949545954798,0.6252424490119448,0.3004190762973579,0.19053282693986065,0.0,0.6252469240589266,0.420279977137747,0.2887737523762721,0.22470156145678816,0.3846387943831159,0.36741460427569667,0.3144451297987856,0.3131890729204599,0.31571109809398046,0.11680040458789842,0.15940131557797385,0.47604378213540716,0.35280519221070583,0.07594057710166634,-0.034815837084397123,0.5940847385060675,0.3660173566485492,0.1661803692607993,0.09033600908903637,0.2593380067466827,0.19730300782020627,0.11514488360634187,0.10372789788608455,0.1837883185858883,0.3534517778184312,0.41823331956334026,0.3482761226348087,0.21035857737338304,0.11984034053726107,0.004625507508247199,0.08316116833636564,0.09878642207839332,0.15857265612524088,0.007891773773624383,-0.0945284231892158,0.2592664589173871,0.06562759904055471,0.18674402217388966,0.0818117276594391,0.3678267055294541,0.2704455291707333,0.13709895401291589,0.12358329639557238,0.23745987483964193,0.05544804268011295,0.2196493753401475,0.3123648142639714,0.32043058237346816,0.32263724641994407,0.2732796182678198,0.3373619553079107,0.39951483557041806,0.3164066307135594,0.472307786952924,0.3202668740816616,0.21823787417016297,0.2929155177015109,0.45149871919679446,0.36563901751850936,0.5014382099182848,0.3482288455265007,0.4782533056630004,0.37714656731697793,0.00224295507250051,0.1226690079869727,0.1830518062190062,0.21145938620315619,0.17489283332551303,0.1830664874385738,0.27948626520121905,0.2491571897110374,-0.0959166076400999,0.18238301484137703,0.06807830741457771,0.16344052406445447,0.12263769490123624,0.3224463999727122,0.2343627005725614,0.29365910526395544,0.09446565370417417,0.25437554398844986,0.25931390376617586,0.38622069077730903,0.4565675693118222,0.4660716717620386,0.38049271356875974,0.4196697618142683,0.3015611008319653,0.33692170941617616,0.22016197637252588,0.3245344868382745,0.3970896025856434,0.43764120448227156,0.4391697685686657,0.3108931513049174,0.35712317674702937,0.37688172570547285,0.29399631183927094,0.24527772343309345,0.1424467159236125,0.13953677743709728,0.10260599777818638,0.32143763038334655,0.18674953012273987,0.30981284953287186,0.4248331655898215,0.26282661434487425,-0.05184053052365544,-0.052590247435882406
Frontal_Mid_R,0.14171306554523777,0.4292864144953939,0.3742498804410466,0.6073136925294779,0.39864851921367817,0.37666755792569107,0.6252469240589266,0.0,0.44105901758466604,0.46387091207657966,0.07194441494233486,0.34613003350842975,0.1375200981686899,0.21867862319686543,0.3322034463985819,0.4174464460279544,0.1648503076431577,0.22655539092102236,0.27474617956875386,0.15760109672754327,0.28852076527259557,0.22945630293067054,0.33883264331402,0.00786293567873964,0.2572908199167053,0.25945531009241846,0.3631856485029769,0.3626540038382337,0.18398067480619926,0.15521155684613022,0.17367122331381257,0.39358678950352094,0.13613488348075048,0.28721044684536917,0.09207958065057806,0.13712067721219592,0.05926893928644482,0.11570368408385957,0.1965770289517817,0.3017864865367969,0.04017177004560252,0.01453330211244606,0.44097326647535184,0.18902424052625583,0.27523671501665353,0.16325977020652954,0.43534661450542816,0.42892451498359135,0.11876912595260275,0.15566081602864562,0.3038711069829941,0.18158582969237325,0.3620508641947571,0.41384387342861206,0.44252987331975546,0.4239742225003119,0.14761172448152687,0.41590130635595735,0.14847834589827458,0.24952595331211594,0.10447628184148515,0.17242444300606816,0.19643926730611,0.34271863596832153,0.08090535781442369,0.28594041345425475,0.34695065235431305,0.3410047030657776,0.4751560434378733,0.4893080734587428,-0.037739440551192736,0.1076363265182064,0.06132331277338551,0.12931033789465027,0.1724003149157417,0.06285376510966846,0.19146522252797546,0.14929667833365495,-0.013802745836298959,0.1622441059913216,0.17700601674887995,0.12170209600113539,0.16478478700138405,0.3609887189573866,0.29276679459482363,0.3883471644880769,0.0850612377818811,0.30761359269025196,0.34395161732611845,0.46990541158806126,0.562410717550388,0.4647411329103818,0.2827207247314088,0.2326065406196662,0.2749744335566857,0.369557773376188,0.21546364576593233,0.3325537487024136,0.518845925855027,0.4443765991929082,0.29759540653564953,0.1495781984846069,0.3593742217694336,0.2140088264212118,0.17030603876793443,0.0961087162298987,0.16178045221819023,0.18128889315084357,0.11115194238043008,0.2719847995990333,0.27904688980732933,0.425247697284999,0.5343708257942227,0.2523061706966759,0.004939683994810983,0.06479630520430016
Frontal_Mid_Orb_L,0.11507677789290464,0.2909474888490751,0.29475478766147195,0.375239597558832,0.6547616192142409,0.6065052216297235,0.420279977137747,0.44105901758466604,0.0,0.7202140165913024,0.34240441733263743,0.1810313120046616,0.41877727952209265,-0.05626609590700433,0.7475645171494162,0.5833158199606708,0.3315750544202538,0.2692953158804166,0.18419770589308532,0.15944461241397506,0.41578800708084324,0.3848891241697893,0.321685813840964,0.11100950288843285,0.535936663304789,0.5017492869066413,0.6529916469492365,0.6127619613600362,0.3861814045738092,0.15095302007578815,0.3284632851786479,0.37229937801003227,0.042271786277456834,0.16518248733610238,0.1615445770358029,0.049810907708598175,0.033037975138044455,0.039890529264766425,0.005305835454835936,0.32195714172137674,-0.19514267616098188,-0.08724371477949268,0.5858616730412315,0.3467325937163715,0.39643420931882073,0.3894827111097405,0.4727407857583552,0.43540528148241914,0.3962271995143661,0.38009068923557304,0.47248309123862,0.47639722723381467,0.487963502543399,0.5636696701024073,0.48284779465203875,0.45099373430559553,0.19393198463366898,0.24359762153371464,0.06303258882000108,0.06417864116036853,0.13888325392959439,0.020735856571089496,0.38009287349924514,0.16246365290051923,0.3441677555963509,0.2923861654271675,0.18112517647411788,0.12322133766358491,0.2589894108031445,0.2513228137031864,0.3413838969497225,0.44200059815785303,0.236070808560983,0.1305113010270411,0.33570869019117483,0.031124322083592348,0.22112234545792048,0.024968048278032576,0.31842073865239967,0.1971985653253592,0.38873690388279675,0.17118039228550685,0.25716082338978263,0.3575504934356571,0.547054699590346,0.42503746702766426,0.2576759780008203,0.34510961520258115,0.3875169514088588,0.48886474415684217,0.3637917441610171,0.42918176661758506,0.24255552573277495,0.2559583127600308,0.40210812077403774,0.290709338251058,0.38148827590184037,0.3816083673053954,0.4310802957358754,0.4253413098727977,0.2262005340455753,0.1868427426543584,0.3840397520269226,0.22671647418148755,0.2210598120869664,0.14527918861992437,0.26330763853479516,0.08304064412154893,0.2791125281920586,0.328680498067714,0.2361020004815771,0.402414027385307,0.44368732118965126,0.35668595862334995,0.17192926950405726,0.23701171171507662
Frontal_Mid_Orb_R,0.023994664832871368,0.19501734006459945,0.027824321147648743,0.3533131198112869,0.7321674926586066,0.6881735075176095,0.2887737523762721,0.46387091207657966,0.7202140165913024,0.0,0.07055355472990876,0.12462372576326149,0.18155092322741515,-0.13088389311907425,0.6462101094377085,0.5836086239304168,0.1544053826261565,0.11558434637229838,0.09668824788812554,0.09908754148338977,0.5243501765180705,0.4038792758109288,0.17997770480683653,0.06333965950014726,0.4750184474411393,0.5695360423248108,0.7114041363654003,0.6050336123396433,0.20170023513159685,-0.006541040501618781,0.21906605778111185,0.32887381827083123,0.06759866473687884,0.24935442300926888,0.1356591303826103,0.11272611390799993,0.04536047245957439,-0.05219350775446534,0.0241614222904565,0.20535415746289612,-0.1816317601535903,-0.11503050564066154,0.5218048963799888,0.17724008049074713,0.3224413054344413,0.2610330616081117,0.3492430967408034,0.4298452509431308,0.37174051083472454,0.3759296647616206,0.4248112531784829,0.4212405932585075,0.4900676863086688,0.5656068910283873,0.47191422645961156,0.44429712106535585,0.10690467124188113,0.20212624491445788,0.14286074497384277,0.2052707823817025,0.15341963684519047,0.18086291248156786,0.22631896150062158,0.18279928808961274,0.14563862960432591,0.3651372951013182,0.22889073712327737,0.24790092166480981,0.21345876212148937,0.22469092144927913,0.01586921331430998,0.15291546795792726,0.022905911271346613,-0.15686607890573367,0.11148102822442302,-0.13835997744333647,0.04144391541887025,-0.10308093706216834,0.11374797097525315,-0.009048441859607131,0.17941579986293732,0.021475555779678836,0.07436082081009435,0.22985334676132016,0.36109038390607207,0.3484682747467276,0.0966367047249475,0.29279932773234435,0.3584733299727778,0.47622096005102826,0.5021683710953511,0.48697235425521695,0.40853554069627684,0.3530681923883683,0.23866622222716258,0.19635666257164772,0.2549383226785735,0.2842323333834727,0.4546178926636646,0.417777333775497,0.3320043281311498,0.3185987729652412,0.44162536817717146,0.3232467380946627,0.3165673725342892,0.28224552146536563,0.4107864598905113,0.08981575045438357,0.18258580691495696,0.2186991856547564,0.22844288226618084,0.4516323797521527,0.5367326781691347,0.43104512571149445,0.28847631255619294,0.22689856837209244
Frontal_Inf_Oper_L,0.33966763052638904,0.4140924423386868,0.2397136852122302,0.14983875706433397,0.11916112477074503,0.047151513533993106,0.22470156145678816,0.07194441494233486,0.34240441733263743,0.07055355472990876,0.0,0.5357868939517062,0.7288289396434536,0.2950114194722176,0.37546776110043073,0.29413153837350325,0.6742157837255781,0.5916437795723102,0.40013891018123393,0.3662266522945875,0.09107659518080691,0.06515159593122011,0.19393859256269805,0.24861422777248443,0.21179144849510162,0.004407091226071227,0.15421267083660514,0.233367240670977,0.5511273916055833,0.4223611250544255,0.17070441780245088,0.19734201812024987,0.1993475065441629,0.1335496825036761,0.10197835819936985,-0.0029214464857545536,-0.20343645408085728,-0.06415551526701549,-0.18162125721282582,0.11336044630875843,0.05716875532046119,-0.12718393232446154,0.24841916122397537,0.31577890609602316,0.3938988574264552,0.4472508140327261,0.31369468037070514,0.13941473380777678,0.3575945483108306,0.38105304953604363,0.28528089974785564,0.31381720732519786,0.07998640026663557,0.11898739535391147,0.02228639555253601,0.0660119775276357,0.39169117329316294,0.3684027340688571,0.1573448092848631,0.09566204161251164,0.23793099070351267,0.09038272114492484,0.7170056961004746,0.42502756208207787,0.4377041899414248,0.17634970900887542,0.22540008257979605,0.08638895918129619,0.27997944399898766,0.20412022809384175,0.3149023625546593,0.27243318018513923,0.40252493326387107,0.43649260789373945,0.3681684744664549,0.3524387076052193,0.17334677259955059,0.10404101031086586,0.34771517952216213,0.4980370531235824,0.46643334691350136,0.4419262346161572,0.35805227815364254,0.32739056237774766,0.43387588178778513,0.30446911074288485,0.255123231647206,0.15318939192352998,0.028501492393730777,0.013935815551611696,-0.04934570663559621,0.06402544059376161,-0.17329994796955533,-0.08566132340054633,0.26082074526897164,0.16487116808957356,0.2851839967042369,0.3154749648081418,0.11086631331469221,0.16447439115276832,-0.10035281585255437,-0.14234903639364146,0.07436937107273563,0.03454806545373299,-0.06334296070989101,-0.13256890079535585,-0.21833224201565216,0.018732743126576832,0.15424190394307474,0.18947274589866855,0.09627353237593801,0.03581843618964155,0.002317310215969484,-0.03352132564409108,-0.0639830905271382,0.06873838093572449
Frontal_Inf_Oper_R,0.33038135189325984,0.37634312406346065,0.21620728712113352,0.3895616332413205,-0.006022946178183359,-0.058208035550263576,0.3846387943831159,0.34613003350842975,0.1810313120046616,0.12462372576326149,0.5357868939517062,0.0,0.4566340435002469,0.6968604604987764,0.12928671470078296,0.35295958450530496,0.40378497493746857,0.5952379654347871,0.40860503631820033,0.3644047672669179,-0.048398827568143225,-0.05680430512209515,0.18536447625249203,0.22959048229936016,0.0013819074160310474,-0.02564820225764975,0.009602346092509269,0.07624124327214199,0.37443912002843305,0.4816629015026269,0.29908688559965085,0.43940258827981366,0.29791859661106723,0.31994504612736074,0.08016843171626618,0.09328376460973595,-0.14435124654025644,0.0267286663799724,-0.13732717627141092,0.07979712750368269,0.013222167948351238,-0.1008362041545337,0.3131520033720252,0.29754696204292475,0.39284640404588145,0.3169862407966043,0.3742825486192766,0.275763800798561,0.22792417887603247,0.2548657990306539,0.33947043506395463,0.2063511569313966,0.1221862775440949,0.18842649239898687,0.11041115640419043,0.2166088706619981,0.3440219410301408,0.4401793295908075,0.3460685022770521,0.3009200763028951,0.37766115049864496,0.3230777500007408,0.4999084116451141,0.6326977589714321,0.19181204139840774,0.2581222141097474,0.43866520363426786,0.39693221780955595,0.37683162738048787,0.31539102546777364,0.1327551866377742,0.24544802364074356,0.23384910525382954,0.4045943425519499,0.3231106471952547,0.41045158081520694,0.22227724031749369,0.28369120148710397,0.09911517626493493,0.48590545279781544,0.2328106435938409,0.5164432781337664,0.24656302691004897,0.3686933699293957,0.2053500099025609,0.49251519115561704,-0.04767945257518179,0.1467248140677795,0.06365111889527181,0.2698073062567186,0.29119343290278615,0.34632100103489544,0.08692144487327574,0.11406295057990049,0.2235030648439166,0.2417260493621463,0.23840338674179595,0.3739060602957626,0.35613815789278486,0.3262836680329985,0.18371824757678892,0.07677248652493471,0.24784360320449225,0.22236952517127007,0.13904390234248595,0.05911763503359103,-0.0731006044896892,0.16609911582528616,0.19089045941901697,0.22998306167799043,0.1329347748394333,0.17792175674671662,0.2597415628699104,0.10261163377789718,-0.016638890454251987,0.04261054225931787
Frontal_Inf_Tri_L,0.3364372843238154,0.40305944559661694,0.30266597721729155,0.1861544420813725,0.23049589353150976,0.16178089268319823,0.36741460427569667,0.1375200981686899,0.41877727952209265,0.18155092322741515,0.7288289396434536,0.4566340435002469,0.0,0.2144773896395814,0.462393819312132,0.3622079261131151,0.5978836173211455,0.5166832359301838,0.321707996105317,0.2937461453097902,0.15436013774144441,0.06382062526972149,0.28246882275093543,0.26903022881351685,0.35212996348895154,0.11951947521558647,0.26842203612252424,0.26882681375720757,0.5568876895102759,0.3772467204812636,0.2364142194579812,0.29887313913935437,0.2001180644311726,0.12170921548034022,0.11872023975684141,-0.06068142554080659,-0.1592040484561464,-0.003646194779160216,-0.10461421388854038,0.13500536338987984,0.10572457252663843,-0.13339034926479035,0.202565122156043,0.26767281282288563,0.3385550194184364,0.4140224953396625,0.3370597097115826,0.13617789464628294,0.3109665257942732,0.3701602339663126,0.3091207506897713,0.3253409544984638,0.13379462759043,0.18411333209722702,0.07266141762650276,0.09040755162297819,0.3203332119207049,0.31640760409130575,0.12795865141621104,0.10808353592131219,0.30921918965394046,0.07208565528534848,0.6580629004391956,0.37390390915876653,0.4850170385963902,0.20643168611731738,0.20225401607065702,0.04491217155031825,0.2744899471714137,0.162637570824203,0.2369587295565596,0.20464660235132606,0.3679719574547381,0.40394336891117644,0.28888935580902436,0.3261369958917962,0.12386459711155812,0.05964380473066091,0.2879186597601288,0.3862763195460595,0.4067412309694022,0.35877096597700064,0.32296939963008275,0.3682546335428491,0.3960691391769589,0.2952386880080523,0.33641469066945495,0.2272607684504558,0.05747481594284688,0.05790642731485108,-0.017336699281767263,0.11346475347643259,-0.06549575058340351,0.015907957055128246,0.31798207607947576,0.227195682790167,0.3439706473633408,0.35371709104098015,0.14605039867815664,0.16991423108780646,-0.02750666500140223,-0.05556541003338324,0.1451425351744301,0.10211924355186547,0.07498438739376348,0.01354294239082942,-0.12343075869988411,-0.04040009545910332,0.17425106547258162,0.22665435000307704,0.1071981536442371,0.08058977394652614,0.06569309516665849,0.05008481088763047,-0.03563748896969328,0.08742095390973612
Frontal_Inf_Tri_R,0.24625503503744364,0.1680367664603457,0.23890957070798127,0.2051360186192152,-0.24837552368874752,-0.266168916848909,0.3144451297987856,0.21867862319686543,-0.05626609590700433,-0.13088389311907425,0.2950114194722176,0.6968604604987764,0.2144773896395814,0.0,-0.021685467681002196,0.29875212013014824,0.09149993884559987,0.32814800700096525,0.25216092974897925,0.24520598643755687,-0.20652486555417546,-0.18163075853032246,0.02596781628494377,0.11003324070259922,-0.1142494885842848,-0.16244728780782441,-0.20255112967363428,-0.171776847703932,0.17064414728818006,0.43287205327753664,0.17327449665952788,0.2816958672558171,0.28455024588247213,0.19263297846584718,0.10623000019722133,0.12093097007982212,0.000840940295002492,0.1246866518722933,-0.07453568597911993,-0.03652154603809251,-0.04860650340213381,0.10915376037970871,0.15152786994917908,0.23891489131654312,0.16486361354950813,0.05545384902608378,0.24197545828107012,0.21845362039853458,-0.06688205600187473,-0.046037095376434294,0.08556011927085072,-0.06720571632310193,0.00771485668117213,0.050528228080956486,0.05696890593724559,0.17546051203404325,0.12158358694766146,0.21259558023924757,0.23122637802770055,0.11206354330778033,0.24949382638636938,0.20474938382679894,0.17714860873493685,0.34579241841578573,0.16755505149808608,0.0889200492153017,0.3186050171910836,0.2541754379508462,0.2280970856597218,0.16455160138420322,0.10390071522135406,0.3352731020744741,0.1188193284715357,0.3610695900650817,0.15116635968966372,0.30497243367219645,0.20068001145317305,0.28382879340972667,0.08506997359280882,0.4227042524288122,0.17952531595020424,0.5905068821060182,0.22187176385062216,0.35542025591936305,0.2240502106595584,0.534099276163688,-0.1431615697424537,0.10744549447089853,0.04819315879455575,0.22219809543975416,0.19700553789855413,0.22410868885422952,0.11165576653160376,0.12026438208423104,0.12985466940478707,0.19105775732767516,0.12530657055581854,0.2688141860201313,0.29878639569223603,0.32896898388657686,0.16558408887898113,0.08012119191949485,0.07563478780029745,0.15070970721194243,0.1235522314445727,0.09360681296069548,-0.02483833101238129,0.26740351394580203,0.09204705330838267,0.13320004949122138,0.10998571732060898,0.1991303302925686,0.17880182537142766,0.10758386089840724,0.048758852085337576,0.10209646014872983
Frontal_Inf_Orb_L,0.18045797396092467,0.3810079098929802,0.20717806359080249,0.1449827908184641,0.6855076711204947,0.6195167835109222,0.3131890729204599,0.3322034463985819,0.7475645171494162,0.6462101094377085,0.37546776110043073,0.12928671470078296,0.462393819312132,-0.021685467681002196,0.0,0.6878786772661418,0.2622972607227922,0.19176882888022445,0.1475918737913212,0.17514460053736702,0.5144910266280563,0.5013213843725616,0.2263956651664783,0.02689887642804203,0.5993440330180334,0.4701943795033296,0.7543020409161391,0.6018525644851539,0.4474620449734385,0.22902504269693993,0.2230722488878376,0.21148218971565563,0.049403225890532705,0.08152325899667737,0.14306042440710504,0.004310768151453779,0.21844217155013845,0.14223146672974407,0.13744206977319276,0.344282520346272,-0.07832386289298732,0.13032617935097093,0.5057723117624928,0.35018524504268633,0.2413889103316692,0.3082226070672291,0.44299669148794624,0.4647791891393781,0.233770228930961,0.3101287445178798,0.3494289840890649,0.4396612594683282,0.5605353621015793,0.5292843469130144,0.49180836984749354,0.45131770328663606,0.15349054453915714,0.257207953117608,-0.001960247284928482,-0.05452980425850004,0.04664413565070259,-0.131191339985411,0.31308078017841284,0.04872743131409784,0.28817835362600774,0.10818162784125261,0.025928296120011542,-0.08652160345673833,0.24268022477133427,0.2296729598403027,0.12564913298075517,0.3400060662574526,0.2570382653245012,0.12457823280083215,0.21694984400711187,-0.08478907695035805,0.17849978118419546,-0.04183234377207752,0.4043262053884526,0.2453784334926623,0.4954959149599549,0.2670651347916361,0.4293917880037145,0.48825125842854566,0.7030946228871578,0.4337534092477126,0.36775820249964236,0.45958354067278456,0.45131480047873745,0.3889730431565333,0.24212659681491622,0.2614204437361242,0.24144733501484594,0.21457255101578726,0.3422198069817448,0.23741098817203904,0.3277484956905556,0.29330661353791143,0.37137137088736033,0.40027102782890345,0.1379491474783748,0.15239497047967682,0.29919187730298896,0.18845385818687244,0.22664725209481865,0.24914292739607163,0.4060102288811646,0.0709826332241264,0.10667932953538439,0.21452387152261018,0.21194809681012605,0.42613459879814813,0.3776951836345598,0.4337019194062329,0.3804981822306733,0.43435187078636256
Frontal_Inf_Orb_R,0.1417027641093057,0.39632125878137625,0.15408918185495418,0.2788914496156919,0.44741342843939774,0.4893494955067959,0.31571109809398046,0.4174464460279544,0.5833158199606708,0.5836086239304168,0.29413153837350325,0.35295958450530496,0.3622079261131151,0.29875212013014824,0.6878786772661418,0.0,0.2096044045715279,0.33046619051288534,0.10296159136919325,0.1394296483076188,0.31523326602321383,0.4696607075224268,0.2011739599363725,0.1304933639686788,0.5793023151056669,0.47490363016483766,0.6094592264718388,0.5194502866572893,0.3870303947895845,0.41936373788917974,0.34038148837912857,0.3031553805375897,0.22491340507706098,0.2624073255517638,0.3081181255928742,0.2171931929235792,0.30732099963939974,0.28376643088879316,0.18151761043062536,0.3434288041637127,-0.014354669072078458,0.21255515376234183,0.5199522886699283,0.4594055660874628,0.30275949857028617,0.2547153600344223,0.46960427809357397,0.5555242373906121,0.17399177463999127,0.22933236941339594,0.3154697327171825,0.32931564350796266,0.49003415331436057,0.5197592496115985,0.41999265396942326,0.46139899865056927,0.18674850082788877,0.31800950871242595,0.01795770953101221,0.005636542802803054,0.1101771542014694,0.04503841489671142,0.28390571656714725,0.15643456473294007,0.2708368137212602,0.21401224970041435,0.17505362594776552,0.0962484932748518,0.3128526112523715,0.33032441130332124,0.10177082397366699,0.3842819383069522,0.10324936630146606,0.19672391273071804,0.20173930794727227,0.018001417597699052,0.19669577710490435,0.0652317520653087,0.36937683104883934,0.37100219201227314,0.47735201918921105,0.5108912509863124,0.4491341520650418,0.6564817349020732,0.639259977776477,0.672960882702737,0.33237106167603836,0.5641914622007888,0.37725707336422853,0.4557647774263264,0.34085806699017057,0.3710609965799719,0.219148964090692,0.16529121591395854,0.2422714944504581,0.27261226806073074,0.22364569653504682,0.2959787954146485,0.4223887326288106,0.46411813499494203,0.14546402503536526,0.12970932539297794,0.3218664948192457,0.18726498867870278,0.24214066851188845,0.26485498835745,0.41319131371225276,0.2587522592495271,0.057508111805374906,0.1228005963399999,0.09693933671983945,0.4195424638285115,0.4220775743798561,0.4233872739952319,0.4458977065611821,0.4382406067520608
